epsilon, alpha, pop1, pop2, dif1, dif2, difratio, winner
.01, 2.15, 207.5, 50, 1.0, 20.0, 0.050000000000000003, 1
.01, 1.2249999999999999, 161.24999999999997, 50, 1.0, 20.0, 0.050000000000000003, 2
.01, 1.6875, 184.375, 50, 1.0, 20.0, 0.050000000000000003, 1
.01, 1.4562499999999998, 172.8125, 50, 1.0, 20.0, 0.050000000000000003, 2
.01, 1.571875, 178.59375, 50, 1.0, 20.0, 0.050000000000000003, 1
.01, 1.5140624999999999, 175.70312499999997, 50, 1.0, 20.0, 0.050000000000000003, 2
.01, 1.54296875, 177.1484375, 50, 1.0, 20.0, 0.050000000000000003, 2
.01, 1.557421875, 177.87109375, 50, 1.0, 20.0, 0.050000000000000003, 2
.01, 1.5646484374999998, 178.232421875, 50, 1.0, 20.0, 0.050000000000000003, 1
.01, 1.56103515625, 178.0517578125, 50, 1.0, 20.0, 0.050000000000000003, 1
.01, 1.559228515625, 177.96142578125, 50, 1.0, 20.0, 0.050000000000000003, 2
.01, 1.5601318359375, 178.006591796875, 50, 1.0, 20.0, 0.050000000000000003, 1
.01, 1.5596801757812502, 177.9840087890625, 50, 1.0, 20.0, 0.050000000000000003, 1
.01, 1.5594543457031251, 177.97271728515625, 50, 1.0, 20.0, 0.050000000000000003, 1
.01, 1.5593414306640625, 177.96707153320312, 50, 1.0, 20.0, 0.050000000000000003, 1
.01, 1.5592849731445313, 177.96424865722656, 50, 1.0, 20.0, 0.050000000000000003, 1
.01, 1.5592567443847658, 177.96283721923828, 50, 1.0, 20.0, 0.050000000000000003, 2
.01, 1.5592708587646484, 177.96354293823242, 50, 1.0, 20.0, 0.050000000000000003, 2
.01, 1.5592779159545898, 177.9638957977295, 50, 1.0, 20.0, 0.050000000000000003, 1
.01, 1.559274387359619, 177.96371936798096, 50, 1.0, 20.0, 0.050000000000000003, 2
.01, 1.5592761516571043, 177.96380758285522, 50, 1.0, 20.0, 0.050000000000000003, 2
.01, 1.559277033805847, 177.96385169029233, 50, 1.0, 20.0, 0.050000000000000003, 2
.01, 1.5592774748802185, 177.96387374401093, 50, 1.0, 20.0, 0.050000000000000003, 1
.01, 1.5592772543430327, 177.96386271715164, 50, 1.0, 20.0, 0.050000000000000003, 1
.01, 1.5592771440744397, 177.96385720372197, 50, 1.0, 20.0, 0.050000000000000003, 2
.01, 1.5592771992087362, 177.96385996043682, 50, 1.0, 20.0, 0.050000000000000003, 3
.01, 2.15, 207.5, 50, 2.0, 19.0, 0.10526315789473684, 1
.01, 1.2249999999999999, 161.24999999999997, 50, 2.0, 19.0, 0.10526315789473684, 2
.01, 1.6875, 184.375, 50, 2.0, 19.0, 0.10526315789473684, 1
.01, 1.4562499999999998, 172.8125, 50, 2.0, 19.0, 0.10526315789473684, 1
.01, 1.3406249999999997, 167.03124999999997, 50, 2.0, 19.0, 0.10526315789473684, 2
.01, 1.3984374999999998, 169.921875, 50, 2.0, 19.0, 0.10526315789473684, 2
.01, 1.42734375, 171.3671875, 50, 2.0, 19.0, 0.10526315789473684, 2
.01, 1.4417968749999999, 172.08984374999997, 50, 2.0, 19.0, 0.10526315789473684, 1
.01, 1.4345703125, 171.728515625, 50, 2.0, 19.0, 0.10526315789473684, 1
.01, 1.43095703125, 171.5478515625, 50, 2.0, 19.0, 0.10526315789473684, 1
.01, 1.4291503906249998, 171.45751953125, 50, 2.0, 19.0, 0.10526315789473684, 2
.01, 1.4300537109375, 171.502685546875, 50, 2.0, 19.0, 0.10526315789473684, 2
.01, 1.43050537109375, 171.5252685546875, 50, 2.0, 19.0, 0.10526315789473684, 1
.01, 1.430279541015625, 171.51397705078125, 50, 2.0, 19.0, 0.10526315789473684, 1
.01, 1.4301666259765624, 171.50833129882812, 50, 2.0, 19.0, 0.10526315789473684, 2
.01, 1.4302230834960938, 171.5111541748047, 50, 2.0, 19.0, 0.10526315789473684, 1
.01, 1.4301948547363281, 171.5097427368164, 50, 2.0, 19.0, 0.10526315789473684, 2
.01, 1.430208969116211, 171.51044845581055, 50, 2.0, 19.0, 0.10526315789473684, 1
.01, 1.4302019119262694, 171.51009559631348, 50, 2.0, 19.0, 0.10526315789473684, 1
.01, 1.4301983833312988, 171.50991916656494, 50, 2.0, 19.0, 0.10526315789473684, 2
.01, 1.430200147628784, 171.5100073814392, 50, 2.0, 19.0, 0.10526315789473684, 1
.01, 1.4301992654800415, 171.50996327400208, 50, 2.0, 19.0, 0.10526315789473684, 2
.01, 1.4301997065544128, 171.50998532772064, 50, 2.0, 19.0, 0.10526315789473684, 1
.01, 1.4301994860172271, 171.50997430086136, 50, 2.0, 19.0, 0.10526315789473684, 2
.01, 1.4301995962858198, 171.509979814291, 50, 2.0, 19.0, 0.10526315789473684, 2
.01, 1.4301996514201163, 171.5099825710058, 50, 2.0, 19.0, 0.10526315789473684, 3
.01, 2.15, 207.5, 50, 3.0, 18.0, 0.16666666666666666, 1
.01, 1.2249999999999999, 161.24999999999997, 50, 3.0, 18.0, 0.16666666666666666, 2
.01, 1.6875, 184.375, 50, 3.0, 18.0, 0.16666666666666666, 1
.01, 1.4562499999999998, 172.8125, 50, 3.0, 18.0, 0.16666666666666666, 1
.01, 1.3406249999999997, 167.03124999999997, 50, 3.0, 18.0, 0.16666666666666666, 2
.01, 1.3984374999999998, 169.921875, 50, 3.0, 18.0, 0.16666666666666666, 1
.01, 1.3695312499999996, 168.47656249999997, 50, 3.0, 18.0, 0.16666666666666666, 1
.01, 1.3550781249999997, 167.75390624999997, 50, 3.0, 18.0, 0.16666666666666666, 1
.01, 1.3478515624999998, 167.392578125, 50, 3.0, 18.0, 0.16666666666666666, 1
.01, 1.3442382812499998, 167.2119140625, 50, 3.0, 18.0, 0.16666666666666666, 1
.01, 1.3424316406249996, 167.12158203124997, 50, 3.0, 18.0, 0.16666666666666666, 2
.01, 1.3433349609374998, 167.166748046875, 50, 3.0, 18.0, 0.16666666666666666, 2
.01, 1.34378662109375, 167.1893310546875, 50, 3.0, 18.0, 0.16666666666666666, 1
.01, 1.3435607910156249, 167.17803955078122, 50, 3.0, 18.0, 0.16666666666666666, 1
.01, 1.3434478759765622, 167.1723937988281, 50, 3.0, 18.0, 0.16666666666666666, 1
.01, 1.343391418457031, 167.16957092285156, 50, 3.0, 18.0, 0.16666666666666666, 2
.01, 1.3434196472167965, 167.17098236083982, 50, 3.0, 18.0, 0.16666666666666666, 2
.01, 1.3434337615966794, 167.17168807983396, 50, 3.0, 18.0, 0.16666666666666666, 1
.01, 1.3434267044067378, 167.17133522033689, 50, 3.0, 18.0, 0.16666666666666666, 2
.01, 1.3434302330017087, 167.17151165008542, 50, 3.0, 18.0, 0.16666666666666666, 2
.01, 1.3434319972991942, 167.17159986495972, 50, 3.0, 18.0, 0.16666666666666666, 2
.01, 1.3434328794479367, 167.17164397239682, 50, 3.0, 18.0, 0.16666666666666666, 1
.01, 1.3434324383735654, 167.17162191867826, 50, 3.0, 18.0, 0.16666666666666666, 2
.01, 1.343432658910751, 167.17163294553754, 50, 3.0, 18.0, 0.16666666666666666, 2
.01, 1.3434327691793437, 167.17163845896718, 50, 3.0, 18.0, 0.16666666666666666, 1
.01, 1.3434327140450475, 167.17163570225236, 50, 3.0, 18.0, 0.16666666666666666, 3
.01, 2.15, 207.5, 50, 4.0, 17.0, 0.23529411764705882, 1
.01, 1.2249999999999999, 161.24999999999997, 50, 4.0, 17.0, 0.23529411764705882, 2
.01, 1.6875, 184.375, 50, 4.0, 17.0, 0.23529411764705882, 1
.01, 1.4562499999999998, 172.8125, 50, 4.0, 17.0, 0.23529411764705882, 1
.01, 1.3406249999999997, 167.03124999999997, 50, 4.0, 17.0, 0.23529411764705882, 1
.01, 1.2828125, 164.140625, 50, 4.0, 17.0, 0.23529411764705882, 1
.01, 1.25390625, 162.6953125, 50, 4.0, 17.0, 0.23529411764705882, 2
.01, 1.268359375, 163.41796875, 50, 4.0, 17.0, 0.23529411764705882, 2
.01, 1.2755859374999998, 163.779296875, 50, 4.0, 17.0, 0.23529411764705882, 2
.01, 1.2791992187499999, 163.95996093749997, 50, 4.0, 17.0, 0.23529411764705882, 1
.01, 1.2773925781249997, 163.86962890624997, 50, 4.0, 17.0, 0.23529411764705882, 1
.01, 1.2764892578124998, 163.824462890625, 50, 4.0, 17.0, 0.23529411764705882, 1
.01, 1.27603759765625, 163.8018798828125, 50, 4.0, 17.0, 0.23529411764705882, 2
.01, 1.2762634277343747, 163.81317138671872, 50, 4.0, 17.0, 0.23529411764705882, 2
.01, 1.2763763427734371, 163.81881713867185, 50, 4.0, 17.0, 0.23529411764705882, 1
.01, 1.276319885253906, 163.81599426269528, 50, 4.0, 17.0, 0.23529411764705882, 1
.01, 1.2762916564941404, 163.81458282470703, 50, 4.0, 17.0, 0.23529411764705882, 1
.01, 1.2762775421142576, 163.8138771057129, 50, 4.0, 17.0, 0.23529411764705882, 1
.01, 1.276270484924316, 163.8135242462158, 50, 4.0, 17.0, 0.23529411764705882, 2
.01, 1.276274013519287, 163.81370067596436, 50, 4.0, 17.0, 0.23529411764705882, 2
.01, 1.2762757778167724, 163.81378889083862, 50, 4.0, 17.0, 0.23529411764705882, 2
.01, 1.2762766599655149, 163.81383299827573, 50, 4.0, 17.0, 0.23529411764705882, 2
.01, 1.2762771010398861, 163.8138550519943, 50, 4.0, 17.0, 0.23529411764705882, 1
.01, 1.2762768805027005, 163.813844025135, 50, 4.0, 17.0, 0.23529411764705882, 1
.01, 1.2762767702341078, 163.8138385117054, 50, 4.0, 17.0, 0.23529411764705882, 2
.01, 1.276276825368404, 163.8138412684202, 50, 4.0, 17.0, 0.23529411764705882, 3
.01, 2.15, 207.5, 50, 5.0, 16.0, 0.3125, 1
.01, 1.2249999999999999, 161.24999999999997, 50, 5.0, 16.0, 0.3125, 1
.01, 0.7625, 138.125, 50, 5.0, 16.0, 0.3125, 2
.01, 0.9937499999999999, 149.6875, 50, 5.0, 16.0, 0.3125, 2
.01, 1.109375, 155.46875, 50, 5.0, 16.0, 0.3125, 2
.01, 1.1671874999999998, 158.359375, 50, 5.0, 16.0, 0.3125, 2
.01, 1.1960937499999997, 159.80468749999997, 50, 5.0, 16.0, 0.3125, 2
.01, 1.210546875, 160.52734375, 50, 5.0, 16.0, 0.3125, 2
.01, 1.2177734375, 160.888671875, 50, 5.0, 16.0, 0.3125, 2
.01, 1.2213867187499998, 161.0693359375, 50, 5.0, 16.0, 0.3125, 1
.01, 1.219580078125, 160.97900390625, 50, 5.0, 16.0, 0.3125, 2
.01, 1.2204833984374999, 161.02416992187497, 50, 5.0, 16.0, 0.3125, 2
.01, 1.2209350585937497, 161.04675292968747, 50, 5.0, 16.0, 0.3125, 1
.01, 1.220709228515625, 161.03546142578125, 50, 5.0, 16.0, 0.3125, 1
.01, 1.2205963134765625, 161.02981567382812, 50, 5.0, 16.0, 0.3125, 1
.01, 1.220539855957031, 161.02699279785156, 50, 5.0, 16.0, 0.3125, 1
.01, 1.2205116271972654, 161.02558135986325, 50, 5.0, 16.0, 0.3125, 1
.01, 1.2204975128173827, 161.02487564086914, 50, 5.0, 16.0, 0.3125, 2
.01, 1.220504570007324, 161.0252285003662, 50, 5.0, 16.0, 0.3125, 2
.01, 1.2205080986022947, 161.02540493011475, 50, 5.0, 16.0, 0.3125, 1
.01, 1.2205063343048095, 161.02531671524048, 50, 5.0, 16.0, 0.3125, 2
.01, 1.220507216453552, 161.02536082267758, 50, 5.0, 16.0, 0.3125, 2
.01, 1.2205076575279232, 161.02538287639615, 50, 5.0, 16.0, 0.3125, 1
.01, 1.2205074369907376, 161.02537184953687, 50, 5.0, 16.0, 0.3125, 2
.01, 1.2205075472593303, 161.0253773629665, 50, 5.0, 16.0, 0.3125, 2
.01, 1.2205076023936268, 161.02538011968136, 50, 5.0, 16.0, 0.3125, 3
.01, 2.15, 207.5, 50, 6.0, 15.0, 0.40000000000000002, 1
.01, 1.2249999999999999, 161.24999999999997, 50, 6.0, 15.0, 0.40000000000000002, 1
.01, 0.7625, 138.125, 50, 6.0, 15.0, 0.40000000000000002, 2
.01, 0.9937499999999999, 149.6875, 50, 6.0, 15.0, 0.40000000000000002, 2
.01, 1.109375, 155.46875, 50, 6.0, 15.0, 0.40000000000000002, 2
.01, 1.1671874999999998, 158.359375, 50, 6.0, 15.0, 0.40000000000000002, 2
.01, 1.1960937499999997, 159.80468749999997, 50, 6.0, 15.0, 0.40000000000000002, 1
.01, 1.1816406249999998, 159.08203125, 50, 6.0, 15.0, 0.40000000000000002, 1
.01, 1.1744140625, 158.720703125, 50, 6.0, 15.0, 0.40000000000000002, 1
.01, 1.1708007812499999, 158.54003906249997, 50, 6.0, 15.0, 0.40000000000000002, 2
.01, 1.172607421875, 158.63037109375, 50, 6.0, 15.0, 0.40000000000000002, 1
.01, 1.1717041015624998, 158.585205078125, 50, 6.0, 15.0, 0.40000000000000002, 2
.01, 1.17215576171875, 158.6077880859375, 50, 6.0, 15.0, 0.40000000000000002, 1
.01, 1.1719299316406249, 158.59649658203122, 50, 6.0, 15.0, 0.40000000000000002, 2
.01, 1.1720428466796875, 158.60214233398438, 50, 6.0, 15.0, 0.40000000000000002, 2
.01, 1.1720993041992187, 158.60496520996094, 50, 6.0, 15.0, 0.40000000000000002, 2
.01, 1.1721275329589842, 158.60637664794922, 50, 6.0, 15.0, 0.40000000000000002, 1
.01, 1.1721134185791016, 158.60567092895508, 50, 6.0, 15.0, 0.40000000000000002, 2
.01, 1.1721204757690429, 158.60602378845215, 50, 6.0, 15.0, 0.40000000000000002, 1
.01, 1.1721169471740722, 158.6058473587036, 50, 6.0, 15.0, 0.40000000000000002, 2
.01, 1.1721187114715574, 158.60593557357788, 50, 6.0, 15.0, 0.40000000000000002, 2
.01, 1.1721195936203002, 158.605979681015, 50, 6.0, 15.0, 0.40000000000000002, 2
.01, 1.1721200346946716, 158.60600173473358, 50, 6.0, 15.0, 0.40000000000000002, 1
.01, 1.1721198141574858, 158.6059907078743, 50, 6.0, 15.0, 0.40000000000000002, 2
.01, 1.1721199244260787, 158.60599622130394, 50, 6.0, 15.0, 0.40000000000000002, 1
.01, 1.1721198692917822, 158.6059934645891, 50, 6.0, 15.0, 0.40000000000000002, 3
.01, 2.15, 207.5, 50, 7.0, 14.0, 0.5, 1
.01, 1.2249999999999999, 161.24999999999997, 50, 7.0, 14.0, 0.5, 1
.01, 0.7625, 138.125, 50, 7.0, 14.0, 0.5, 2
.01, 0.9937499999999999, 149.6875, 50, 7.0, 14.0, 0.5, 2
.01, 1.109375, 155.46875, 50, 7.0, 14.0, 0.5, 2
.01, 1.1671874999999998, 158.359375, 50, 7.0, 14.0, 0.5, 1
.01, 1.13828125, 156.9140625, 50, 7.0, 14.0, 0.5, 1
.01, 1.123828125, 156.19140625, 50, 7.0, 14.0, 0.5, 2
.01, 1.1310546874999998, 156.552734375, 50, 7.0, 14.0, 0.5, 1
.01, 1.12744140625, 156.3720703125, 50, 7.0, 14.0, 0.5, 2
.01, 1.129248046875, 156.46240234375, 50, 7.0, 14.0, 0.5, 1
.01, 1.1283447265625, 156.417236328125, 50, 7.0, 14.0, 0.5, 2
.01, 1.1287963867187498, 156.4398193359375, 50, 7.0, 14.0, 0.5, 2
.01, 1.1290222167968749, 156.45111083984372, 50, 7.0, 14.0, 0.5, 1
.01, 1.1289093017578122, 156.4454650878906, 50, 7.0, 14.0, 0.5, 1
.01, 1.128852844238281, 156.44264221191406, 50, 7.0, 14.0, 0.5, 1
.01, 1.1288246154785155, 156.44123077392578, 50, 7.0, 14.0, 0.5, 2
.01, 1.1288387298583982, 156.4419364929199, 50, 7.0, 14.0, 0.5, 1
.01, 1.1288316726684569, 156.44158363342285, 50, 7.0, 14.0, 0.5, 1
.01, 1.1288281440734862, 156.4414072036743, 50, 7.0, 14.0, 0.5, 1
.01, 1.128826379776001, 156.44131898880005, 50, 7.0, 14.0, 0.5, 1
.01, 1.1288254976272583, 156.44127488136292, 50, 7.0, 14.0, 0.5, 2
.01, 1.1288259387016297, 156.44129693508148, 50, 7.0, 14.0, 0.5, 1
.01, 1.1288257181644439, 156.4412859082222, 50, 7.0, 14.0, 0.5, 2
.01, 1.1288258284330368, 156.44129142165184, 50, 7.0, 14.0, 0.5, 1
.01, 1.1288257732987403, 156.44128866493702, 50, 7.0, 14.0, 0.5, 3
.01, 2.15, 207.5, 50, 8.0, 13.0, 0.61538461538461542, 1
.01, 1.2249999999999999, 161.24999999999997, 50, 8.0, 13.0, 0.61538461538461542, 1
.01, 0.7625, 138.125, 50, 8.0, 13.0, 0.61538461538461542, 2
.01, 0.9937499999999999, 149.6875, 50, 8.0, 13.0, 0.61538461538461542, 2
.01, 1.109375, 155.46875, 50, 8.0, 13.0, 0.61538461538461542, 1
.01, 1.0515625, 152.578125, 50, 8.0, 13.0, 0.61538461538461542, 2
.01, 1.08046875, 154.0234375, 50, 8.0, 13.0, 0.61538461538461542, 2
.01, 1.094921875, 154.74609375, 50, 8.0, 13.0, 0.61538461538461542, 1
.01, 1.0876953125000002, 154.384765625, 50, 8.0, 13.0, 0.61538461538461542, 2
.01, 1.09130859375, 154.5654296875, 50, 8.0, 13.0, 0.61538461538461542, 1
.01, 1.089501953125, 154.47509765625, 50, 8.0, 13.0, 0.61538461538461542, 1
.01, 1.0885986328125001, 154.42993164062503, 50, 8.0, 13.0, 0.61538461538461542, 2
.01, 1.08905029296875, 154.4525146484375, 50, 8.0, 13.0, 0.61538461538461542, 2
.01, 1.089276123046875, 154.46380615234375, 50, 8.0, 13.0, 0.61538461538461542, 1
.01, 1.0891632080078124, 154.45816040039062, 50, 8.0, 13.0, 0.61538461538461542, 2
.01, 1.0892196655273438, 154.4609832763672, 50, 8.0, 13.0, 0.61538461538461542, 1
.01, 1.0891914367675781, 154.4595718383789, 50, 8.0, 13.0, 0.61538461538461542, 1
.01, 1.0891773223876953, 154.45886611938477, 50, 8.0, 13.0, 0.61538461538461542, 1
.01, 1.0891702651977537, 154.4585132598877, 50, 8.0, 13.0, 0.61538461538461542, 2
.01, 1.0891737937927246, 154.45868968963623, 50, 8.0, 13.0, 0.61538461538461542, 1
.01, 1.0891720294952392, 154.45860147476196, 50, 8.0, 13.0, 0.61538461538461542, 1
.01, 1.0891711473464964, 154.4585573673248, 50, 8.0, 13.0, 0.61538461538461542, 2
.01, 1.089171588420868, 154.4585794210434, 50, 8.0, 13.0, 0.61538461538461542, 2
.01, 1.0891718089580535, 154.45859044790268, 50, 8.0, 13.0, 0.61538461538461542, 1
.01, 1.0891716986894608, 154.45858493447304, 50, 8.0, 13.0, 0.61538461538461542, 2
.01, 1.089171753823757, 154.45858769118786, 50, 8.0, 13.0, 0.61538461538461542, 3
.01, 2.15, 207.5, 50, 9.0, 12.0, 0.75, 1
.01, 1.2249999999999999, 161.24999999999997, 50, 9.0, 12.0, 0.75, 1
.01, 0.7625, 138.125, 50, 9.0, 12.0, 0.75, 2
.01, 0.9937499999999999, 149.6875, 50, 9.0, 12.0, 0.75, 2
.01, 1.109375, 155.46875, 50, 9.0, 12.0, 0.75, 1
.01, 1.0515625, 152.578125, 50, 9.0, 12.0, 0.75, 2
.01, 1.08046875, 154.0234375, 50, 9.0, 12.0, 0.75, 1
.01, 1.066015625, 153.30078125, 50, 9.0, 12.0, 0.75, 1
.01, 1.0587890624999998, 152.939453125, 50, 9.0, 12.0, 0.75, 1
.01, 1.05517578125, 152.7587890625, 50, 9.0, 12.0, 0.75, 1
.01, 1.053369140625, 152.66845703125, 50, 9.0, 12.0, 0.75, 1
.01, 1.0524658203125, 152.623291015625, 50, 9.0, 12.0, 0.75, 1
.01, 1.0520141601562498, 152.6007080078125, 50, 9.0, 12.0, 0.75, 2
.01, 1.0522399902343749, 152.61199951171872, 50, 9.0, 12.0, 0.75, 1
.01, 1.0521270751953122, 152.6063537597656, 50, 9.0, 12.0, 0.75, 2
.01, 1.0521835327148437, 152.6091766357422, 50, 9.0, 12.0, 0.75, 1
.01, 1.052155303955078, 152.6077651977539, 50, 9.0, 12.0, 0.75, 2
.01, 1.0521694183349608, 152.60847091674802, 50, 9.0, 12.0, 0.75, 1
.01, 1.0521623611450193, 152.60811805725095, 50, 9.0, 12.0, 0.75, 1
.01, 1.0521588325500486, 152.60794162750244, 50, 9.0, 12.0, 0.75, 1
.01, 1.0521570682525634, 152.60785341262817, 50, 9.0, 12.0, 0.75, 1
.01, 1.0521561861038207, 152.607809305191, 50, 9.0, 12.0, 0.75, 1
.01, 1.0521557450294492, 152.60778725147244, 50, 9.0, 12.0, 0.75, 1
.01, 1.0521555244922636, 152.6077762246132, 50, 9.0, 12.0, 0.75, 2
.01, 1.0521556347608563, 152.6077817380428, 50, 9.0, 12.0, 0.75, 2
.01, 1.0521556898951527, 152.60778449475762, 50, 9.0, 12.0, 0.75, 3
.01, 2.15, 207.5, 50, 10.0, 11.0, 0.90909090909090906, 1
.01, 1.2249999999999999, 161.24999999999997, 50, 10.0, 11.0, 0.90909090909090906, 1
.01, 0.7625, 138.125, 50, 10.0, 11.0, 0.90909090909090906, 2
.01, 0.9937499999999999, 149.6875, 50, 10.0, 11.0, 0.90909090909090906, 2
.01, 1.109375, 155.46875, 50, 10.0, 11.0, 0.90909090909090906, 1
.01, 1.0515625, 152.578125, 50, 10.0, 11.0, 0.90909090909090906, 1
.01, 1.0226562499999998, 151.1328125, 50, 10.0, 11.0, 0.90909090909090906, 1
.01, 1.0082031249999999, 150.41015624999997, 50, 10.0, 11.0, 0.90909090909090906, 2
.01, 1.0154296874999997, 150.77148437499997, 50, 10.0, 11.0, 0.90909090909090906, 2
.01, 1.0190429687499998, 150.9521484375, 50, 10.0, 11.0, 0.90909090909090906, 1
.01, 1.0172363281249996, 150.86181640624997, 50, 10.0, 11.0, 0.90909090909090906, 1
.01, 1.0163330078124997, 150.81665039062497, 50, 10.0, 11.0, 0.90909090909090906, 2
.01, 1.0167846679687496, 150.83923339843747, 50, 10.0, 11.0, 0.90909090909090906, 2
.01, 1.0170104980468746, 150.85052490234375, 50, 10.0, 11.0, 0.90909090909090906, 2
.01, 1.0171234130859372, 150.85617065429685, 50, 10.0, 11.0, 0.90909090909090906, 1
.01, 1.0170669555664058, 150.85334777832028, 50, 10.0, 11.0, 0.90909090909090906, 1
.01, 1.01703872680664, 150.851936340332, 50, 10.0, 11.0, 0.90909090909090906, 1
.01, 1.0170246124267575, 150.85123062133786, 50, 10.0, 11.0, 0.90909090909090906, 2
.01, 1.0170316696166988, 150.85158348083493, 50, 10.0, 11.0, 0.90909090909090906, 2
.01, 1.0170351982116694, 150.85175991058347, 50, 10.0, 11.0, 0.90909090909090906, 2
.01, 1.0170369625091547, 150.85184812545774, 50, 10.0, 11.0, 0.90909090909090906, 1
.01, 1.0170360803604122, 150.8518040180206, 50, 10.0, 11.0, 0.90909090909090906, 2
.01, 1.0170365214347834, 150.85182607173917, 50, 10.0, 11.0, 0.90909090909090906, 1
.01, 1.0170363008975978, 150.85181504487988, 50, 10.0, 11.0, 0.90909090909090906, 1
.01, 1.017036190629005, 150.85180953145024, 50, 10.0, 11.0, 0.90909090909090906, 2
.01, 1.0170362457633013, 150.85181228816506, 50, 10.0, 11.0, 0.90909090909090906, 3
.01, 2.15, 207.5, 50, 11.0, 10.0, 1.1000000000000001, 1
.01, 1.2249999999999999, 161.24999999999997, 50, 11.0, 10.0, 1.1000000000000001, 1
.01, 0.7625, 138.125, 50, 11.0, 10.0, 1.1000000000000001, 2
.01, 0.9937499999999999, 149.6875, 50, 11.0, 10.0, 1.1000000000000001, 1
.01, 0.8781249999999999, 143.90625, 50, 11.0, 10.0, 1.1000000000000001, 2
.01, 0.9359374999999999, 146.79687499999997, 50, 11.0, 10.0, 1.1000000000000001, 2
.01, 0.9648437499999999, 148.2421875, 50, 11.0, 10.0, 1.1000000000000001, 2
.01, 0.979296875, 148.96484375, 50, 11.0, 10.0, 1.1000000000000001, 2
.01, 0.9865234374999999, 149.326171875, 50, 11.0, 10.0, 1.1000000000000001, 1
.01, 0.98291015625, 149.1455078125, 50, 11.0, 10.0, 1.1000000000000001, 2
.01, 0.9847167968749999, 149.23583984375, 50, 11.0, 10.0, 1.1000000000000001, 1
.01, 0.9838134765625, 149.190673828125, 50, 11.0, 10.0, 1.1000000000000001, 1
.01, 0.98336181640625, 149.1680908203125, 50, 11.0, 10.0, 1.1000000000000001, 1
.01, 0.983135986328125, 149.15679931640625, 50, 11.0, 10.0, 1.1000000000000001, 2
.01, 0.9832489013671875, 149.16244506835938, 50, 11.0, 10.0, 1.1000000000000001, 1
.01, 0.9831924438476562, 149.1596221923828, 50, 11.0, 10.0, 1.1000000000000001, 2
.01, 0.9832206726074219, 149.1610336303711, 50, 11.0, 10.0, 1.1000000000000001, 2
.01, 0.9832347869873046, 149.16173934936523, 50, 11.0, 10.0, 1.1000000000000001, 1
.01, 0.9832277297973633, 149.16138648986816, 50, 11.0, 10.0, 1.1000000000000001, 1
.01, 0.9832242012023926, 149.16121006011963, 50, 11.0, 10.0, 1.1000000000000001, 2
.01, 0.983225965499878, 149.1612982749939, 50, 11.0, 10.0, 1.1000000000000001, 1
.01, 0.9832250833511353, 149.16125416755676, 50, 11.0, 10.0, 1.1000000000000001, 2
.01, 0.9832255244255066, 149.16127622127533, 50, 11.0, 10.0, 1.1000000000000001, 1
.01, 0.983225303888321, 149.16126519441605, 50, 11.0, 10.0, 1.1000000000000001, 2
.01, 0.9832254141569138, 149.1612707078457, 50, 11.0, 10.0, 1.1000000000000001, 2
.01, 0.9832254692912101, 149.1612734645605, 50, 11.0, 10.0, 1.1000000000000001, 3
.01, 2.15, 207.5, 50, 12.0, 9.0, 1.3333333333333333, 1
.01, 1.2249999999999999, 161.24999999999997, 50, 12.0, 9.0, 1.3333333333333333, 1
.01, 0.7625, 138.125, 50, 12.0, 9.0, 1.3333333333333333, 2
.01, 0.9937499999999999, 149.6875, 50, 12.0, 9.0, 1.3333333333333333, 1
.01, 0.8781249999999999, 143.90625, 50, 12.0, 9.0, 1.3333333333333333, 2
.01, 0.9359374999999999, 146.79687499999997, 50, 12.0, 9.0, 1.3333333333333333, 2
.01, 0.9648437499999999, 148.2421875, 50, 12.0, 9.0, 1.3333333333333333, 1
.01, 0.9503906249999998, 147.51953125, 50, 12.0, 9.0, 1.3333333333333333, 1
.01, 0.9431640624999998, 147.15820312499997, 50, 12.0, 9.0, 1.3333333333333333, 2
.01, 0.9467773437499998, 147.3388671875, 50, 12.0, 9.0, 1.3333333333333333, 2
.01, 0.9485839843749998, 147.42919921875, 50, 12.0, 9.0, 1.3333333333333333, 2
.01, 0.9494873046874999, 147.47436523437497, 50, 12.0, 9.0, 1.3333333333333333, 2
.01, 0.9499389648437498, 147.49694824218747, 50, 12.0, 9.0, 1.3333333333333333, 2
.01, 0.9501647949218748, 147.50823974609375, 50, 12.0, 9.0, 1.3333333333333333, 2
.01, 0.9502777099609373, 147.51388549804688, 50, 12.0, 9.0, 1.3333333333333333, 1
.01, 0.950221252441406, 147.51106262207028, 50, 12.0, 9.0, 1.3333333333333333, 2
.01, 0.9502494812011717, 147.5124740600586, 50, 12.0, 9.0, 1.3333333333333333, 1
.01, 0.9502353668212888, 147.51176834106445, 50, 12.0, 9.0, 1.3333333333333333, 1
.01, 0.9502283096313474, 147.51141548156735, 50, 12.0, 9.0, 1.3333333333333333, 1
.01, 0.9502247810363766, 147.51123905181882, 50, 12.0, 9.0, 1.3333333333333333, 1
.01, 0.9502230167388913, 147.51115083694458, 50, 12.0, 9.0, 1.3333333333333333, 1
.01, 0.9502221345901487, 147.51110672950745, 50, 12.0, 9.0, 1.3333333333333333, 2
.01, 0.95022257566452, 147.51112878322598, 50, 12.0, 9.0, 1.3333333333333333, 1
.01, 0.9502223551273343, 147.5111177563667, 50, 12.0, 9.0, 1.3333333333333333, 1
.01, 0.9502222448587415, 147.51111224293706, 50, 12.0, 9.0, 1.3333333333333333, 2
.01, 0.9502222999930379, 147.51111499965188, 50, 12.0, 9.0, 1.3333333333333333, 3
.01, 2.15, 207.5, 50, 13.0, 8.0, 1.625, 1
.01, 1.2249999999999999, 161.24999999999997, 50, 13.0, 8.0, 1.625, 1
.01, 0.7625, 138.125, 50, 13.0, 8.0, 1.625, 2
.01, 0.9937499999999999, 149.6875, 50, 13.0, 8.0, 1.625, 1
.01, 0.8781249999999999, 143.90625, 50, 13.0, 8.0, 1.625, 2
.01, 0.9359374999999999, 146.79687499999997, 50, 13.0, 8.0, 1.625, 1
.01, 0.90703125, 145.3515625, 50, 13.0, 8.0, 1.625, 2
.01, 0.9214843749999999, 146.07421875, 50, 13.0, 8.0, 1.625, 1
.01, 0.9142578124999999, 145.712890625, 50, 13.0, 8.0, 1.625, 2
.01, 0.9178710937499999, 145.89355468749997, 50, 13.0, 8.0, 1.625, 1
.01, 0.916064453125, 145.80322265625, 50, 13.0, 8.0, 1.625, 2
.01, 0.9169677734374999, 145.848388671875, 50, 13.0, 8.0, 1.625, 2
.01, 0.9174194335937499, 145.8709716796875, 50, 13.0, 8.0, 1.625, 2
.01, 0.9176452636718748, 145.88226318359375, 50, 13.0, 8.0, 1.625, 1
.01, 0.9175323486328124, 145.87661743164062, 50, 13.0, 8.0, 1.625, 2
.01, 0.9175888061523436, 145.87944030761716, 50, 13.0, 8.0, 1.625, 1
.01, 0.917560577392578, 145.8780288696289, 50, 13.0, 8.0, 1.625, 2
.01, 0.9175746917724608, 145.87873458862305, 50, 13.0, 8.0, 1.625, 1
.01, 0.9175676345825194, 145.87838172912598, 50, 13.0, 8.0, 1.625, 1
.01, 0.9175641059875488, 145.87820529937744, 50, 13.0, 8.0, 1.625, 1
.01, 0.9175623416900633, 145.87811708450315, 50, 13.0, 8.0, 1.625, 2
.01, 0.9175632238388061, 145.8781611919403, 50, 13.0, 8.0, 1.625, 1
.01, 0.9175627827644347, 145.87813913822174, 50, 13.0, 8.0, 1.625, 2
.01, 0.9175630033016204, 145.87815016508102, 50, 13.0, 8.0, 1.625, 2
.01, 0.9175631135702133, 145.87815567851067, 50, 13.0, 8.0, 1.625, 2
.01, 0.9175631687045096, 145.87815843522546, 50, 13.0, 8.0, 1.625, 3
.01, 2.15, 207.5, 50, 14.0, 7.0, 2.0, 1
.01, 1.2249999999999999, 161.24999999999997, 50, 14.0, 7.0, 2.0, 1
.01, 0.7625, 138.125, 50, 14.0, 7.0, 2.0, 2
.01, 0.9937499999999999, 149.6875, 50, 14.0, 7.0, 2.0, 1
.01, 0.8781249999999999, 143.90625, 50, 14.0, 7.0, 2.0, 2
.01, 0.9359374999999999, 146.79687499999997, 50, 14.0, 7.0, 2.0, 1
.01, 0.90703125, 145.3515625, 50, 14.0, 7.0, 2.0, 1
.01, 0.892578125, 144.62890625, 50, 14.0, 7.0, 2.0, 1
.01, 0.8853515624999999, 144.267578125, 50, 14.0, 7.0, 2.0, 1
.01, 0.8817382812499999, 144.08691406249997, 50, 14.0, 7.0, 2.0, 2
.01, 0.8835449218749999, 144.17724609375, 50, 14.0, 7.0, 2.0, 2
.01, 0.8844482421875, 144.222412109375, 50, 14.0, 7.0, 2.0, 2
.01, 0.8848999023437499, 144.2449951171875, 50, 14.0, 7.0, 2.0, 1
.01, 0.884674072265625, 144.23370361328125, 50, 14.0, 7.0, 2.0, 2
.01, 0.8847869873046874, 144.23934936523438, 50, 14.0, 7.0, 2.0, 1
.01, 0.8847305297851562, 144.2365264892578, 50, 14.0, 7.0, 2.0, 2
.01, 0.8847587585449218, 144.2379379272461, 50, 14.0, 7.0, 2.0, 2
.01, 0.8847728729248046, 144.2386436462402, 50, 14.0, 7.0, 2.0, 2
.01, 0.884779930114746, 144.2389965057373, 50, 14.0, 7.0, 2.0, 1
.01, 0.8847764015197752, 144.23882007598877, 50, 14.0, 7.0, 2.0, 2
.01, 0.8847781658172607, 144.23890829086304, 50, 14.0, 7.0, 2.0, 2
.01, 0.8847790479660034, 144.23895239830017, 50, 14.0, 7.0, 2.0, 1
.01, 0.884778606891632, 144.2389303445816, 50, 14.0, 7.0, 2.0, 2
.01, 0.8847788274288177, 144.2389413714409, 50, 14.0, 7.0, 2.0, 2
.01, 0.8847789376974106, 144.23894688487053, 50, 14.0, 7.0, 2.0, 1
.01, 0.8847788825631142, 144.2389441281557, 50, 14.0, 7.0, 2.0, 3
.01, 2.15, 207.5, 50, 15.0, 6.0, 2.5, 1
.01, 1.2249999999999999, 161.24999999999997, 50, 15.0, 6.0, 2.5, 1
.01, 0.7625, 138.125, 50, 15.0, 6.0, 2.5, 2
.01, 0.9937499999999999, 149.6875, 50, 15.0, 6.0, 2.5, 1
.01, 0.8781249999999999, 143.90625, 50, 15.0, 6.0, 2.5, 1
.01, 0.8203125, 141.015625, 50, 15.0, 6.0, 2.5, 2
.01, 0.8492187499999999, 142.4609375, 50, 15.0, 6.0, 2.5, 2
.01, 0.8636718749999999, 143.18359374999997, 50, 15.0, 6.0, 2.5, 1
.01, 0.8564453124999999, 142.822265625, 50, 15.0, 6.0, 2.5, 1
.01, 0.85283203125, 142.6416015625, 50, 15.0, 6.0, 2.5, 1
.01, 0.8510253906249999, 142.55126953125, 50, 15.0, 6.0, 2.5, 2
.01, 0.8519287109375, 142.596435546875, 50, 15.0, 6.0, 2.5, 1
.01, 0.8514770507812499, 142.5738525390625, 50, 15.0, 6.0, 2.5, 1
.01, 0.8512512207031249, 142.56256103515622, 50, 15.0, 6.0, 2.5, 2
.01, 0.8513641357421874, 142.56820678710938, 50, 15.0, 6.0, 2.5, 1
.01, 0.8513076782226561, 142.5653839111328, 50, 15.0, 6.0, 2.5, 2
.01, 0.8513359069824218, 142.5667953491211, 50, 15.0, 6.0, 2.5, 2
.01, 0.8513500213623046, 142.56750106811523, 50, 15.0, 6.0, 2.5, 1
.01, 0.8513429641723632, 142.56714820861816, 50, 15.0, 6.0, 2.5, 2
.01, 0.851346492767334, 142.5673246383667, 50, 15.0, 6.0, 2.5, 1
.01, 0.8513447284698485, 142.56723642349243, 50, 15.0, 6.0, 2.5, 1
.01, 0.8513438463211058, 142.56719231605527, 50, 15.0, 6.0, 2.5, 2
.01, 0.8513442873954772, 142.56721436977386, 50, 15.0, 6.0, 2.5, 2
.01, 0.8513445079326629, 142.56722539663315, 50, 15.0, 6.0, 2.5, 1
.01, 0.85134439766407, 142.56721988320348, 50, 15.0, 6.0, 2.5, 2
.01, 0.8513444527983665, 142.56722263991833, 50, 15.0, 6.0, 2.5, 3
.01, 2.15, 207.5, 50, 16.0, 5.0, 3.2000000000000002, 1
.01, 1.2249999999999999, 161.24999999999997, 50, 16.0, 5.0, 3.2000000000000002, 1
.01, 0.7625, 138.125, 50, 16.0, 5.0, 3.2000000000000002, 2
.01, 0.9937499999999999, 149.6875, 50, 16.0, 5.0, 3.2000000000000002, 1
.01, 0.8781249999999999, 143.90625, 50, 16.0, 5.0, 3.2000000000000002, 1
.01, 0.8203125, 141.015625, 50, 16.0, 5.0, 3.2000000000000002, 1
.01, 0.79140625, 139.5703125, 50, 16.0, 5.0, 3.2000000000000002, 2
.01, 0.805859375, 140.29296875, 50, 16.0, 5.0, 3.2000000000000002, 2
.01, 0.8130859375, 140.654296875, 50, 16.0, 5.0, 3.2000000000000002, 2
.01, 0.81669921875, 140.8349609375, 50, 16.0, 5.0, 3.2000000000000002, 1
.01, 0.814892578125, 140.74462890625, 50, 16.0, 5.0, 3.2000000000000002, 2
.01, 0.8157958984375, 140.789794921875, 50, 16.0, 5.0, 3.2000000000000002, 2
.01, 0.81624755859375, 140.8123779296875, 50, 16.0, 5.0, 3.2000000000000002, 2
.01, 0.8164733886718749, 140.82366943359375, 50, 16.0, 5.0, 3.2000000000000002, 2
.01, 0.8165863037109374, 140.82931518554688, 50, 16.0, 5.0, 3.2000000000000002, 2
.01, 0.8166427612304688, 140.83213806152344, 50, 16.0, 5.0, 3.2000000000000002, 1
.01, 0.816614532470703, 140.83072662353516, 50, 16.0, 5.0, 3.2000000000000002, 1
.01, 0.8166004180908202, 140.830020904541, 50, 16.0, 5.0, 3.2000000000000002, 2
.01, 0.8166074752807616, 140.8303737640381, 50, 16.0, 5.0, 3.2000000000000002, 1
.01, 0.8166039466857908, 140.83019733428955, 50, 16.0, 5.0, 3.2000000000000002, 2
.01, 0.8166057109832763, 140.83028554916382, 50, 16.0, 5.0, 3.2000000000000002, 2
.01, 0.816606593132019, 140.83032965660095, 50, 16.0, 5.0, 3.2000000000000002, 2
.01, 0.8166070342063902, 140.8303517103195, 50, 16.0, 5.0, 3.2000000000000002, 2
.01, 0.8166072547435759, 140.8303627371788, 50, 16.0, 5.0, 3.2000000000000002, 2
.01, 0.8166073650121688, 140.83036825060844, 50, 16.0, 5.0, 3.2000000000000002, 2
.01, 0.8166074201464653, 140.83037100732327, 50, 16.0, 5.0, 3.2000000000000002, 3
.01, 2.15, 207.5, 50, 17.0, 4.0, 4.25, 1
.01, 1.2249999999999999, 161.24999999999997, 50, 17.0, 4.0, 4.25, 1
.01, 0.7625, 138.125, 50, 17.0, 4.0, 4.25, 2
.01, 0.9937499999999999, 149.6875, 50, 17.0, 4.0, 4.25, 1
.01, 0.8781249999999999, 143.90625, 50, 17.0, 4.0, 4.25, 1
.01, 0.8203125, 141.015625, 50, 17.0, 4.0, 4.25, 1
.01, 0.79140625, 139.5703125, 50, 17.0, 4.0, 4.25, 1
.01, 0.7769531249999999, 138.84765625, 50, 17.0, 4.0, 4.25, 2
.01, 0.7841796875, 139.208984375, 50, 17.0, 4.0, 4.25, 1
.01, 0.78056640625, 139.0283203125, 50, 17.0, 4.0, 4.25, 1
.01, 0.7787597656249999, 138.93798828125, 50, 17.0, 4.0, 4.25, 2
.01, 0.7796630859375, 138.983154296875, 50, 17.0, 4.0, 4.25, 1
.01, 0.7792114257812499, 138.9605712890625, 50, 17.0, 4.0, 4.25, 2
.01, 0.779437255859375, 138.97186279296875, 50, 17.0, 4.0, 4.25, 2
.01, 0.7795501708984375, 138.97750854492188, 50, 17.0, 4.0, 4.25, 2
.01, 0.7796066284179688, 138.98033142089844, 50, 17.0, 4.0, 4.25, 2
.01, 0.7796348571777344, 138.98174285888672, 50, 17.0, 4.0, 4.25, 2
.01, 0.7796489715576171, 138.98244857788086, 50, 17.0, 4.0, 4.25, 2
.01, 0.7796560287475586, 138.98280143737793, 50, 17.0, 4.0, 4.25, 2
.01, 0.7796595573425293, 138.98297786712646, 50, 17.0, 4.0, 4.25, 1
.01, 0.7796577930450439, 138.9828896522522, 50, 17.0, 4.0, 4.25, 2
.01, 0.7796586751937866, 138.98293375968933, 50, 17.0, 4.0, 4.25, 2
.01, 0.779659116268158, 138.9829558134079, 50, 17.0, 4.0, 4.25, 2
.01, 0.7796593368053437, 138.98296684026718, 50, 17.0, 4.0, 4.25, 1
.01, 0.7796592265367508, 138.98296132683754, 50, 17.0, 4.0, 4.25, 1
.01, 0.7796591714024543, 138.98295857012272, 50, 17.0, 4.0, 4.25, 3
.01, 2.15, 207.5, 50, 18.0, 3.0, 6.0, 1
.01, 1.2249999999999999, 161.24999999999997, 50, 18.0, 3.0, 6.0, 1
.01, 0.7625, 138.125, 50, 18.0, 3.0, 6.0, 1
.01, 0.53125, 126.5625, 50, 18.0, 3.0, 6.0, 2
.01, 0.646875, 132.34375, 50, 18.0, 3.0, 6.0, 2
.01, 0.7046874999999999, 135.234375, 50, 18.0, 3.0, 6.0, 2
.01, 0.7335937499999999, 136.6796875, 50, 18.0, 3.0, 6.0, 2
.01, 0.748046875, 137.40234375, 50, 18.0, 3.0, 6.0, 1
.01, 0.7408203124999999, 137.041015625, 50, 18.0, 3.0, 6.0, 1
.01, 0.7372070312499999, 136.86035156249997, 50, 18.0, 3.0, 6.0, 2
.01, 0.7390136718749999, 136.95068359375, 50, 18.0, 3.0, 6.0, 2
.01, 0.7399169921875, 136.995849609375, 50, 18.0, 3.0, 6.0, 1
.01, 0.7394653320312499, 136.97326660156247, 50, 18.0, 3.0, 6.0, 1
.01, 0.7392395019531248, 136.96197509765625, 50, 18.0, 3.0, 6.0, 1
.01, 0.7391265869140624, 136.95632934570312, 50, 18.0, 3.0, 6.0, 1
.01, 0.7390701293945312, 136.95350646972656, 50, 18.0, 3.0, 6.0, 1
.01, 0.7390419006347655, 136.95209503173825, 50, 18.0, 3.0, 6.0, 2
.01, 0.7390560150146483, 136.95280075073242, 50, 18.0, 3.0, 6.0, 2
.01, 0.7390630722045898, 136.9531536102295, 50, 18.0, 3.0, 6.0, 1
.01, 0.739059543609619, 136.95297718048093, 50, 18.0, 3.0, 6.0, 1
.01, 0.7390577793121337, 136.9528889656067, 50, 18.0, 3.0, 6.0, 2
.01, 0.7390586614608763, 136.95293307304382, 50, 18.0, 3.0, 6.0, 1
.01, 0.739058220386505, 136.95291101932526, 50, 18.0, 3.0, 6.0, 2
.01, 0.7390584409236907, 136.9529220461845, 50, 18.0, 3.0, 6.0, 1
.01, 0.7390583306550979, 136.9529165327549, 50, 18.0, 3.0, 6.0, 1
.01, 0.7390582755208015, 136.95291377604008, 50, 18.0, 3.0, 6.0, 3
.01, 2.15, 207.5, 50, 19.0, 2.0, 9.5, 1
.01, 1.2249999999999999, 161.24999999999997, 50, 19.0, 2.0, 9.5, 1
.01, 0.7625, 138.125, 50, 19.0, 2.0, 9.5, 1
.01, 0.53125, 126.5625, 50, 19.0, 2.0, 9.5, 2
.01, 0.646875, 132.34375, 50, 19.0, 2.0, 9.5, 2
.01, 0.7046874999999999, 135.234375, 50, 19.0, 2.0, 9.5, 1
.01, 0.67578125, 133.7890625, 50, 19.0, 2.0, 9.5, 2
.01, 0.690234375, 134.51171875, 50, 19.0, 2.0, 9.5, 2
.01, 0.6974609374999999, 134.873046875, 50, 19.0, 2.0, 9.5, 1
.01, 0.69384765625, 134.6923828125, 50, 19.0, 2.0, 9.5, 1
.01, 0.692041015625, 134.60205078125, 50, 19.0, 2.0, 9.5, 2
.01, 0.6929443359375, 134.647216796875, 50, 19.0, 2.0, 9.5, 1
.01, 0.69249267578125, 134.6246337890625, 50, 19.0, 2.0, 9.5, 1
.01, 0.6922668457031249, 134.61334228515625, 50, 19.0, 2.0, 9.5, 1
.01, 0.6921539306640625, 134.60769653320312, 50, 19.0, 2.0, 9.5, 1
.01, 0.6920974731445313, 134.60487365722656, 50, 19.0, 2.0, 9.5, 1
.01, 0.6920692443847656, 134.60346221923828, 50, 19.0, 2.0, 9.5, 2
.01, 0.6920833587646484, 134.60416793823242, 50, 19.0, 2.0, 9.5, 2
.01, 0.6920904159545899, 134.6045207977295, 50, 19.0, 2.0, 9.5, 2
.01, 0.6920939445495606, 134.60469722747803, 50, 19.0, 2.0, 9.5, 1
.01, 0.6920921802520752, 134.60460901260376, 50, 19.0, 2.0, 9.5, 1
.01, 0.6920912981033325, 134.60456490516663, 50, 19.0, 2.0, 9.5, 2
.01, 0.6920917391777038, 134.6045869588852, 50, 19.0, 2.0, 9.5, 2
.01, 0.6920919597148896, 134.60459798574448, 50, 19.0, 2.0, 9.5, 1
.01, 0.6920918494462966, 134.60459247231483, 50, 19.0, 2.0, 9.5, 2
.01, 0.6920919045805931, 134.60459522902966, 50, 19.0, 2.0, 9.5, 3
.01, 2.15, 207.5, 50, 20.0, 1.0, 20.0, 1
.01, 1.2249999999999999, 161.24999999999997, 50, 20.0, 1.0, 20.0, 1
.01, 0.7625, 138.125, 50, 20.0, 1.0, 20.0, 1
.01, 0.53125, 126.5625, 50, 20.0, 1.0, 20.0, 2
.01, 0.646875, 132.34375, 50, 20.0, 1.0, 20.0, 1
.01, 0.5890625, 129.453125, 50, 20.0, 1.0, 20.0, 2
.01, 0.61796875, 130.8984375, 50, 20.0, 1.0, 20.0, 2
.01, 0.6324218749999999, 131.62109375, 50, 20.0, 1.0, 20.0, 1
.01, 0.6251953124999999, 131.259765625, 50, 20.0, 1.0, 20.0, 2
.01, 0.6288085937499999, 131.44042968749997, 50, 20.0, 1.0, 20.0, 2
.01, 0.6306152343749999, 131.53076171875, 50, 20.0, 1.0, 20.0, 2
.01, 0.6315185546875, 131.575927734375, 50, 20.0, 1.0, 20.0, 2
.01, 0.6319702148437499, 131.5985107421875, 50, 20.0, 1.0, 20.0, 1
.01, 0.631744384765625, 131.58721923828125, 50, 20.0, 1.0, 20.0, 2
.01, 0.6318572998046874, 131.59286499023438, 50, 20.0, 1.0, 20.0, 2
.01, 0.6319137573242186, 131.5956878662109, 50, 20.0, 1.0, 20.0, 2
.01, 0.6319419860839843, 131.59709930419922, 50, 20.0, 1.0, 20.0, 1
.01, 0.6319278717041015, 131.59639358520508, 50, 20.0, 1.0, 20.0, 2
.01, 0.6319349288940429, 131.59674644470215, 50, 20.0, 1.0, 20.0, 2
.01, 0.6319384574890137, 131.59692287445068, 50, 20.0, 1.0, 20.0, 1
.01, 0.6319366931915282, 131.59683465957642, 50, 20.0, 1.0, 20.0, 2
.01, 0.631937575340271, 131.59687876701355, 50, 20.0, 1.0, 20.0, 1
.01, 0.6319371342658996, 131.59685671329498, 50, 20.0, 1.0, 20.0, 2
.01, 0.6319373548030853, 131.59686774015427, 50, 20.0, 1.0, 20.0, 1
.01, 0.6319372445344924, 131.59686222672462, 50, 20.0, 1.0, 20.0, 2
.01, 0.6319372996687889, 131.59686498343945, 50, 20.0, 1.0, 20.0, 3
