epsilon, alpha, beta, initpop1, initpop2, dif1, dif2, difratio, winner, time
.01, 1.2, 1, 160.0, 100, 5.0, 10.0, 0.5, 2, 6
.01, 1.5499999999999998, 1, 177.5, 100, 5.0, 10.0, 0.5, 1, 11
.01, 1.375, 1, 168.75, 100, 5.0, 10.0, 0.5, 1, 26
.01, 1.2875, 1, 164.375, 100, 5.0, 10.0, 0.5, 2, 11
.01, 1.33125, 1, 166.5625, 100, 5.0, 10.0, 0.5, 1, 57
.01, 1.3093750000000002, 1, 165.46875, 100, 5.0, 10.0, 0.5, 2, 16
.01, 1.3203125, 1, 166.015625, 100, 5.0, 10.0, 0.5, 2, 22
.01, 1.32578125, 1, 166.2890625, 100, 5.0, 10.0, 0.5, 2, 31
.01, 1.328515625, 1, 166.42578125, 100, 5.0, 10.0, 0.5, 1, 87
.01, 1.3271484375, 1, 166.357421875, 100, 5.0, 10.0, 0.5, 2, 37
.01, 1.32783203125, 1, 166.3916015625, 100, 5.0, 10.0, 0.5, 2, 44
.01, 1.3281738281250002, 1, 166.40869140625, 100, 5.0, 10.0, 0.5, 2, 53
.01, 1.3283447265625001, 1, 166.41723632812503, 100, 5.0, 10.0, 0.5, 2, 66
.01, 1.32843017578125, 1, 166.4215087890625, 100, 5.0, 10.0, 0.5, 1, 99
.01, 1.3283874511718752, 1, 166.41937255859375, 100, 5.0, 10.0, 0.5, 2, 80
.01, 1.3284088134765626, 1, 166.42044067382812, 100, 5.0, 10.0, 0.5, 3, 100
.01, 1.2, 1, 160.0, 100, 6.0, 10.0, 0.59999999999999998, 2, 7
.01, 1.5499999999999998, 1, 177.5, 100, 6.0, 10.0, 0.59999999999999998, 1, 9
.01, 1.375, 1, 168.75, 100, 6.0, 10.0, 0.59999999999999998, 1, 19
.01, 1.2875, 1, 164.375, 100, 6.0, 10.0, 0.59999999999999998, 2, 19
.01, 1.33125, 1, 166.5625, 100, 6.0, 10.0, 0.59999999999999998, 1, 28
.01, 1.3093750000000002, 1, 165.46875, 100, 6.0, 10.0, 0.59999999999999998, 1, 39
.01, 1.2984375000000001, 1, 164.92187500000003, 100, 6.0, 10.0, 0.59999999999999998, 1, 60
.01, 1.29296875, 1, 164.6484375, 100, 6.0, 10.0, 0.59999999999999998, 2, 25
.01, 1.2957031250000002, 1, 164.78515625, 100, 6.0, 10.0, 0.59999999999999998, 2, 33
.01, 1.2970703125000003, 1, 164.853515625, 100, 6.0, 10.0, 0.59999999999999998, 2, 50
.01, 1.29775390625, 1, 164.8876953125, 100, 6.0, 10.0, 0.59999999999999998, 1, 68
.01, 1.2974121093750002, 1, 164.87060546875, 100, 6.0, 10.0, 0.59999999999999998, 1, 78
.01, 1.2972412109375002, 1, 164.862060546875, 100, 6.0, 10.0, 0.59999999999999998, 2, 67
.01, 1.29732666015625, 1, 164.8663330078125, 100, 6.0, 10.0, 0.59999999999999998, 1, 86
.01, 1.2972839355468753, 1, 164.86419677734375, 100, 6.0, 10.0, 0.59999999999999998, 1, 96
.01, 1.2972625732421879, 1, 164.8631286621094, 100, 6.0, 10.0, 0.59999999999999998, 2, 83
.01, 1.2972732543945316, 1, 164.8636627197266, 100, 6.0, 10.0, 0.59999999999999998, 3, 100
.01, 1.2, 1, 160.0, 100, 7.0, 10.0, 0.69999999999999996, 2, 7
.01, 1.5499999999999998, 1, 177.5, 100, 7.0, 10.0, 0.69999999999999996, 1, 8
.01, 1.375, 1, 168.75, 100, 7.0, 10.0, 0.69999999999999996, 1, 15
.01, 1.2875, 1, 164.375, 100, 7.0, 10.0, 0.69999999999999996, 1, 34
.01, 1.24375, 1, 162.1875, 100, 7.0, 10.0, 0.69999999999999996, 2, 12
.01, 1.265625, 1, 163.28125, 100, 7.0, 10.0, 0.69999999999999996, 2, 21
.01, 1.2765625, 1, 163.828125, 100, 7.0, 10.0, 0.69999999999999996, 1, 45
.01, 1.27109375, 1, 163.5546875, 100, 7.0, 10.0, 0.69999999999999996, 2, 35
.01, 1.273828125, 1, 163.69140625, 100, 7.0, 10.0, 0.69999999999999996, 1, 52
.01, 1.2724609375, 1, 163.623046875, 100, 7.0, 10.0, 0.69999999999999996, 1, 63
.01, 1.27177734375, 1, 163.5888671875, 100, 7.0, 10.0, 0.69999999999999996, 2, 47
.01, 1.272119140625, 1, 163.60595703125, 100, 7.0, 10.0, 0.69999999999999996, 1, 72
.01, 1.2719482421875, 1, 163.597412109375, 100, 7.0, 10.0, 0.69999999999999996, 2, 72
.01, 1.27203369140625, 1, 163.6016845703125, 100, 7.0, 10.0, 0.69999999999999996, 1, 78
.01, 1.271990966796875, 1, 163.59954833984375, 100, 7.0, 10.0, 0.69999999999999996, 1, 84
.01, 1.2719696044921873, 1, 163.59848022460938, 100, 7.0, 10.0, 0.69999999999999996, 1, 91
.01, 1.2719589233398436, 1, 163.59794616699216, 100, 7.0, 10.0, 0.69999999999999996, 3, 100
.01, 1.2, 1, 160.0, 100, 8.0, 10.0, 0.80000000000000004, 2, 8
.01, 1.5499999999999998, 1, 177.5, 100, 8.0, 10.0, 0.80000000000000004, 1, 7
.01, 1.375, 1, 168.75, 100, 8.0, 10.0, 0.80000000000000004, 1, 13
.01, 1.2875, 1, 164.375, 100, 8.0, 10.0, 0.80000000000000004, 1, 24
.01, 1.24375, 1, 162.1875, 100, 8.0, 10.0, 0.80000000000000004, 2, 19
.01, 1.265625, 1, 163.28125, 100, 8.0, 10.0, 0.80000000000000004, 1, 32
.01, 1.2546875, 1, 162.734375, 100, 8.0, 10.0, 0.80000000000000004, 1, 44
.01, 1.2492187499999998, 1, 162.4609375, 100, 8.0, 10.0, 0.80000000000000004, 2, 28
.01, 1.251953125, 1, 162.59765625, 100, 8.0, 10.0, 0.80000000000000004, 1, 53
.01, 1.2505859375, 1, 162.529296875, 100, 8.0, 10.0, 0.80000000000000004, 2, 40
.01, 1.25126953125, 1, 162.5634765625, 100, 8.0, 10.0, 0.80000000000000004, 1, 61
.01, 1.2509277343749998, 1, 162.54638671875, 100, 8.0, 10.0, 0.80000000000000004, 1, 76
.01, 1.2507568359374999, 1, 162.53784179687497, 100, 8.0, 10.0, 0.80000000000000004, 2, 47
.01, 1.2508422851562497, 1, 162.54211425781247, 100, 8.0, 10.0, 0.80000000000000004, 2, 55
.01, 1.2508850097656248, 1, 162.54425048828125, 100, 8.0, 10.0, 0.80000000000000004, 1, 93
.01, 1.2508636474609371, 1, 162.54318237304685, 100, 8.0, 10.0, 0.80000000000000004, 2, 61
.01, 1.250874328613281, 1, 162.54371643066406, 100, 8.0, 10.0, 0.80000000000000004, 2, 68
.01, 1.250879669189453, 1, 162.54398345947266, 100, 8.0, 10.0, 0.80000000000000004, 2, 84
.01, 1.2508823394775388, 1, 162.54411697387692, 100, 8.0, 10.0, 0.80000000000000004, 1, 99
.01, 1.250881004333496, 1, 162.5440502166748, 100, 8.0, 10.0, 0.80000000000000004, 3, 100
.01, 1.2, 1, 160.0, 100, 9.0, 10.0, 0.90000000000000002, 2, 10
.01, 1.5499999999999998, 1, 177.5, 100, 9.0, 10.0, 0.90000000000000002, 1, 7
.01, 1.375, 1, 168.75, 100, 9.0, 10.0, 0.90000000000000002, 1, 11
.01, 1.2875, 1, 164.375, 100, 9.0, 10.0, 0.90000000000000002, 1, 19
.01, 1.24375, 1, 162.1875, 100, 9.0, 10.0, 0.90000000000000002, 1, 33
.01, 1.2218749999999998, 1, 161.09375, 100, 9.0, 10.0, 0.90000000000000002, 2, 15
.01, 1.2328124999999999, 1, 161.64062499999997, 100, 9.0, 10.0, 0.90000000000000002, 2, 41
.01, 1.23828125, 1, 161.9140625, 100, 9.0, 10.0, 0.90000000000000002, 1, 39
.01, 1.2355468749999998, 1, 161.77734375, 100, 9.0, 10.0, 0.90000000000000002, 1, 44
.01, 1.2341796874999997, 1, 161.70898437499997, 100, 9.0, 10.0, 0.90000000000000002, 1, 50
.01, 1.23349609375, 1, 161.6748046875, 100, 9.0, 10.0, 0.90000000000000002, 1, 56
.01, 1.233154296875, 1, 161.65771484375, 100, 9.0, 10.0, 0.90000000000000002, 1, 65
.01, 1.2329833984374998, 1, 161.649169921875, 100, 9.0, 10.0, 0.90000000000000002, 2, 53
.01, 1.23306884765625, 1, 161.6534423828125, 100, 9.0, 10.0, 0.90000000000000002, 1, 71
.01, 1.2330261230468749, 1, 161.65130615234372, 100, 9.0, 10.0, 0.90000000000000002, 1, 81
.01, 1.2330047607421872, 1, 161.65023803710935, 100, 9.0, 10.0, 0.90000000000000002, 2, 61
.01, 1.2330154418945312, 1, 161.65077209472656, 100, 9.0, 10.0, 0.90000000000000002, 1, 98
.01, 1.2330101013183592, 1, 161.65050506591797, 100, 9.0, 10.0, 0.90000000000000002, 2, 67
.01, 1.2330127716064452, 1, 161.65063858032224, 100, 9.0, 10.0, 0.90000000000000002, 2, 73
.01, 1.2330141067504883, 1, 161.6507053375244, 100, 9.0, 10.0, 0.90000000000000002, 2, 83
.01, 1.2330147743225097, 1, 161.6507387161255, 100, 9.0, 10.0, 0.90000000000000002, 3, 100
.01, 1.2, 1, 160.0, 100, 10.0, 10.0, 1.0, 2, 12
.01, 1.5499999999999998, 1, 177.5, 100, 10.0, 10.0, 1.0, 1, 6
.01, 1.375, 1, 168.75, 100, 10.0, 10.0, 1.0, 1, 10
.01, 1.2875, 1, 164.375, 100, 10.0, 10.0, 1.0, 1, 16
.01, 1.24375, 1, 162.1875, 100, 10.0, 10.0, 1.0, 1, 24
.01, 1.2218749999999998, 1, 161.09375, 100, 10.0, 10.0, 1.0, 1, 38
.01, 1.2109375, 1, 160.546875, 100, 10.0, 10.0, 1.0, 2, 17
.01, 1.21640625, 1, 160.8203125, 100, 10.0, 10.0, 1.0, 2, 27
.01, 1.2191406249999999, 1, 160.95703124999997, 100, 10.0, 10.0, 1.0, 1, 46
.01, 1.2177734375, 1, 160.888671875, 100, 10.0, 10.0, 1.0, 1, 62
.01, 1.21708984375, 1, 160.8544921875, 100, 10.0, 10.0, 1.0, 2, 32
.01, 1.217431640625, 1, 160.87158203125, 100, 10.0, 10.0, 1.0, 2, 38
.01, 1.2176025390625, 1, 160.880126953125, 100, 10.0, 10.0, 1.0, 2, 47
.01, 1.21768798828125, 1, 160.8843994140625, 100, 10.0, 10.0, 1.0, 1, 70
.01, 1.217645263671875, 1, 160.88226318359375, 100, 10.0, 10.0, 1.0, 2, 58
.01, 1.2176666259765625, 1, 160.88333129882812, 100, 10.0, 10.0, 1.0, 1, 77
.01, 1.2176559448242188, 1, 160.88279724121094, 100, 10.0, 10.0, 1.0, 1, 90
.01, 1.217650604248047, 1, 160.88253021240234, 100, 10.0, 10.0, 1.0, 2, 64
.01, 1.2176532745361328, 1, 160.88266372680664, 100, 10.0, 10.0, 1.0, 2, 72
.01, 1.2176546096801757, 1, 160.8827304840088, 100, 10.0, 10.0, 1.0, 3, 100
.01, 1.2, 1, 160.0, 100, 11.0, 10.0, 1.1000000000000001, 2, 19
.01, 1.5499999999999998, 1, 177.5, 100, 11.0, 10.0, 1.1000000000000001, 1, 6
.01, 1.375, 1, 168.75, 100, 11.0, 10.0, 1.1000000000000001, 1, 9
.01, 1.2875, 1, 164.375, 100, 11.0, 10.0, 1.1000000000000001, 1, 14
.01, 1.24375, 1, 162.1875, 100, 11.0, 10.0, 1.1000000000000001, 1, 20
.01, 1.2218749999999998, 1, 161.09375, 100, 11.0, 10.0, 1.1000000000000001, 1, 26
.01, 1.2109375, 1, 160.546875, 100, 11.0, 10.0, 1.1000000000000001, 1, 33
.01, 1.20546875, 1, 160.2734375, 100, 11.0, 10.0, 1.1000000000000001, 1, 45
.01, 1.202734375, 1, 160.13671875, 100, 11.0, 10.0, 1.1000000000000001, 2, 25
.01, 1.2041015625, 1, 160.205078125, 100, 11.0, 10.0, 1.1000000000000001, 2, 37
.01, 1.20478515625, 1, 160.2392578125, 100, 11.0, 10.0, 1.1000000000000001, 1, 51
.01, 1.204443359375, 1, 160.22216796875, 100, 11.0, 10.0, 1.1000000000000001, 1, 58
.01, 1.2042724609375, 1, 160.213623046875, 100, 11.0, 10.0, 1.1000000000000001, 2, 49
.01, 1.2043579101562498, 1, 160.2178955078125, 100, 11.0, 10.0, 1.1000000000000001, 1, 63
.01, 1.204315185546875, 1, 160.21575927734375, 100, 11.0, 10.0, 1.1000000000000001, 1, 71
.01, 1.2042938232421876, 1, 160.21469116210938, 100, 11.0, 10.0, 1.1000000000000001, 2, 59
.01, 1.2043045043945313, 1, 160.21522521972656, 100, 11.0, 10.0, 1.1000000000000001, 1, 78
.01, 1.2042991638183596, 1, 160.21495819091797, 100, 11.0, 10.0, 1.1000000000000001, 1, 95
.01, 1.2042964935302736, 1, 160.2148246765137, 100, 11.0, 10.0, 1.1000000000000001, 2, 64
.01, 1.2042978286743167, 1, 160.21489143371582, 100, 11.0, 10.0, 1.1000000000000001, 2, 69
.01, 1.2042984962463381, 1, 160.2149248123169, 100, 11.0, 10.0, 1.1000000000000001, 2, 75
.01, 1.2042988300323487, 1, 160.21494150161743, 100, 11.0, 10.0, 1.1000000000000001, 2, 92
.01, 1.2042989969253541, 1, 160.21494984626773, 100, 11.0, 10.0, 1.1000000000000001, 1, 100
.01, 1.2042989134788513, 1, 160.21494567394257, 100, 11.0, 10.0, 1.1000000000000001, 3, 100
.01, 1.2, 1, 160.0, 100, 12.0, 10.0, 1.2, 1, 31
.01, 0.85, 1, 142.5, 100, 12.0, 10.0, 1.2, 2, 2
.01, 1.025, 1, 151.25, 100, 12.0, 10.0, 1.2, 2, 4
.01, 1.1124999999999998, 1, 155.625, 100, 12.0, 10.0, 1.2, 2, 6
.01, 1.15625, 1, 157.8125, 100, 12.0, 10.0, 1.2, 2, 8
.01, 1.178125, 1, 158.90625, 100, 12.0, 10.0, 1.2, 2, 12
.01, 1.1890625, 1, 159.453125, 100, 12.0, 10.0, 1.2, 2, 19
.01, 1.1945312499999998, 1, 159.7265625, 100, 12.0, 10.0, 1.2, 1, 40
.01, 1.1917968749999999, 1, 159.58984374999997, 100, 12.0, 10.0, 1.2, 2, 27
.01, 1.1931640624999997, 1, 159.65820312499997, 100, 12.0, 10.0, 1.2, 1, 47
.01, 1.19248046875, 1, 159.6240234375, 100, 12.0, 10.0, 1.2, 2, 39
.01, 1.1928222656249998, 1, 159.64111328125, 100, 12.0, 10.0, 1.2, 1, 52
.01, 1.1926513671874999, 1, 159.63256835937497, 100, 12.0, 10.0, 1.2, 1, 59
.01, 1.19256591796875, 1, 159.6282958984375, 100, 12.0, 10.0, 1.2, 2, 51
.01, 1.1926086425781248, 1, 159.63043212890625, 100, 12.0, 10.0, 1.2, 1, 65
.01, 1.1925872802734374, 1, 159.62936401367188, 100, 12.0, 10.0, 1.2, 1, 72
.01, 1.1925765991210937, 1, 159.6288299560547, 100, 12.0, 10.0, 1.2, 2, 61
.01, 1.1925819396972654, 1, 159.62909698486328, 100, 12.0, 10.0, 1.2, 1, 78
.01, 1.1925792694091797, 1, 159.62896347045898, 100, 12.0, 10.0, 1.2, 1, 94
.01, 1.1925779342651368, 1, 159.62889671325684, 100, 12.0, 10.0, 1.2, 2, 65
.01, 1.1925786018371582, 1, 159.6289300918579, 100, 12.0, 10.0, 1.2, 2, 70
.01, 1.1925789356231689, 1, 159.62894678115845, 100, 12.0, 10.0, 1.2, 2, 78
.01, 1.1925791025161743, 1, 159.62895512580872, 100, 12.0, 10.0, 1.2, 3, 100
.01, 1.2, 1, 160.0, 100, 13.0, 10.0, 1.3, 1, 24
.01, 0.85, 1, 142.5, 100, 13.0, 10.0, 1.3, 2, 2
.01, 1.025, 1, 151.25, 100, 13.0, 10.0, 1.3, 2, 4
.01, 1.1124999999999998, 1, 155.625, 100, 13.0, 10.0, 1.3, 2, 6
.01, 1.15625, 1, 157.8125, 100, 13.0, 10.0, 1.3, 2, 9
.01, 1.178125, 1, 158.90625, 100, 13.0, 10.0, 1.3, 2, 18
.01, 1.1890625, 1, 159.453125, 100, 13.0, 10.0, 1.3, 1, 30
.01, 1.18359375, 1, 159.1796875, 100, 13.0, 10.0, 1.3, 1, 40
.01, 1.180859375, 1, 159.04296875, 100, 13.0, 10.0, 1.3, 2, 23
.01, 1.1822265625, 1, 159.111328125, 100, 13.0, 10.0, 1.3, 1, 68
.01, 1.18154296875, 1, 159.0771484375, 100, 13.0, 10.0, 1.3, 2, 27
.01, 1.181884765625, 1, 159.09423828125, 100, 13.0, 10.0, 1.3, 2, 31
.01, 1.1820556640625, 1, 159.102783203125, 100, 13.0, 10.0, 1.3, 2, 35
.01, 1.1821411132812498, 1, 159.1070556640625, 100, 13.0, 10.0, 1.3, 2, 39
.01, 1.1821838378906249, 1, 159.10919189453122, 100, 13.0, 10.0, 1.3, 2, 44
.01, 1.1822052001953125, 1, 159.11026000976562, 100, 13.0, 10.0, 1.3, 2, 50
.01, 1.1822158813476562, 1, 159.1107940673828, 100, 13.0, 10.0, 1.3, 2, 88
.01, 1.182221221923828, 1, 159.1110610961914, 100, 13.0, 10.0, 1.3, 1, 71
.01, 1.1822185516357422, 1, 159.1109275817871, 100, 13.0, 10.0, 1.3, 1, 75
.01, 1.1822172164916993, 1, 159.11086082458496, 100, 13.0, 10.0, 1.3, 1, 79
.01, 1.1822165489196776, 1, 159.1108274459839, 100, 13.0, 10.0, 1.3, 1, 83
.01, 1.1822162151336668, 1, 159.11081075668335, 100, 13.0, 10.0, 1.3, 1, 87
.01, 1.1822160482406616, 1, 159.11080241203308, 100, 13.0, 10.0, 1.3, 1, 91
.01, 1.182215964794159, 1, 159.11079823970795, 100, 13.0, 10.0, 1.3, 1, 95
.01, 1.1822159230709075, 1, 159.11079615354538, 100, 13.0, 10.0, 1.3, 1, 100
.01, 1.1822159022092817, 1, 159.1107951104641, 100, 13.0, 10.0, 1.3, 3, 100
.01, 1.2, 1, 160.0, 100, 14.0, 10.0, 1.3999999999999999, 1, 20
.01, 0.85, 1, 142.5, 100, 14.0, 10.0, 1.3999999999999999, 2, 2
.01, 1.025, 1, 151.25, 100, 14.0, 10.0, 1.3999999999999999, 2, 4
.01, 1.1124999999999998, 1, 155.625, 100, 14.0, 10.0, 1.3999999999999999, 2, 6
.01, 1.15625, 1, 157.8125, 100, 14.0, 10.0, 1.3999999999999999, 2, 11
.01, 1.178125, 1, 158.90625, 100, 14.0, 10.0, 1.3999999999999999, 1, 31
.01, 1.1671875, 1, 158.359375, 100, 14.0, 10.0, 1.3999999999999999, 2, 15
.01, 1.1726562500000002, 1, 158.6328125, 100, 14.0, 10.0, 1.3999999999999999, 2, 30
.01, 1.1753906250000001, 1, 158.76953125000003, 100, 14.0, 10.0, 1.3999999999999999, 1, 36
.01, 1.1740234375000003, 1, 158.701171875, 100, 14.0, 10.0, 1.3999999999999999, 1, 40
.01, 1.1733398437500002, 1, 158.6669921875, 100, 14.0, 10.0, 1.3999999999999999, 1, 46
.01, 1.172998046875, 1, 158.64990234375, 100, 14.0, 10.0, 1.3999999999999999, 1, 69
.01, 1.1728271484375001, 1, 158.64135742187503, 100, 14.0, 10.0, 1.3999999999999999, 2, 33
.01, 1.17291259765625, 1, 158.6456298828125, 100, 14.0, 10.0, 1.3999999999999999, 2, 37
.01, 1.172955322265625, 1, 158.64776611328125, 100, 14.0, 10.0, 1.3999999999999999, 2, 41
.01, 1.1729766845703127, 1, 158.64883422851562, 100, 14.0, 10.0, 1.3999999999999999, 2, 46
.01, 1.1729873657226564, 1, 158.64936828613284, 100, 14.0, 10.0, 1.3999999999999999, 2, 51
.01, 1.1729927062988281, 1, 158.6496353149414, 100, 14.0, 10.0, 1.3999999999999999, 2, 62
.01, 1.172995376586914, 1, 158.6497688293457, 100, 14.0, 10.0, 1.3999999999999999, 1, 74
.01, 1.172994041442871, 1, 158.64970207214355, 100, 14.0, 10.0, 1.3999999999999999, 1, 81
.01, 1.1729933738708496, 1, 158.64966869354248, 100, 14.0, 10.0, 1.3999999999999999, 2, 71
.01, 1.1729937076568602, 1, 158.64968538284302, 100, 14.0, 10.0, 1.3999999999999999, 1, 86
.01, 1.172993540763855, 1, 158.64967703819275, 100, 14.0, 10.0, 1.3999999999999999, 1, 96
.01, 1.1729934573173524, 1, 158.64967286586761, 100, 14.0, 10.0, 1.3999999999999999, 2, 76
.01, 1.1729934990406037, 1, 158.64967495203018, 100, 14.0, 10.0, 1.3999999999999999, 2, 85
.01, 1.1729935199022292, 1, 158.64967599511147, 100, 14.0, 10.0, 1.3999999999999999, 3, 100
.01, 1.2, 1, 160.0, 100, 15.0, 10.0, 1.5, 1, 18
.01, 0.85, 1, 142.5, 100, 15.0, 10.0, 1.5, 2, 2
.01, 1.025, 1, 151.25, 100, 15.0, 10.0, 1.5, 2, 4
.01, 1.1124999999999998, 1, 155.625, 100, 15.0, 10.0, 1.5, 2, 6
.01, 1.15625, 1, 157.8125, 100, 15.0, 10.0, 1.5, 2, 13
.01, 1.178125, 1, 158.90625, 100, 15.0, 10.0, 1.5, 1, 24
.01, 1.1671875, 1, 158.359375, 100, 15.0, 10.0, 1.5, 1, 34
.01, 1.16171875, 1, 158.0859375, 100, 15.0, 10.0, 1.5, 2, 18
.01, 1.164453125, 1, 158.22265625, 100, 15.0, 10.0, 1.5, 2, 29
.01, 1.1658203125000002, 1, 158.291015625, 100, 15.0, 10.0, 1.5, 1, 39
.01, 1.1651367187500001, 1, 158.25683593750003, 100, 15.0, 10.0, 1.5, 1, 44
.01, 1.164794921875, 1, 158.23974609375, 100, 15.0, 10.0, 1.5, 1, 54
.01, 1.1646240234375, 1, 158.231201171875, 100, 15.0, 10.0, 1.5, 2, 34
.01, 1.16470947265625, 1, 158.2354736328125, 100, 15.0, 10.0, 1.5, 2, 41
.01, 1.164752197265625, 1, 158.23760986328125, 100, 15.0, 10.0, 1.5, 1, 63
.01, 1.1647308349609373, 1, 158.23654174804688, 100, 15.0, 10.0, 1.5, 2, 46
.01, 1.1647415161132812, 1, 158.23707580566406, 100, 15.0, 10.0, 1.5, 2, 64
.01, 1.1647468566894532, 1, 158.23734283447266, 100, 15.0, 10.0, 1.5, 1, 66
.01, 1.1647441864013672, 1, 158.23720932006836, 100, 15.0, 10.0, 1.5, 1, 70
.01, 1.1647428512573241, 1, 158.2371425628662, 100, 15.0, 10.0, 1.5, 1, 74
.01, 1.1647421836853027, 1, 158.23710918426514, 100, 15.0, 10.0, 1.5, 1, 80
.01, 1.164741849899292, 1, 158.2370924949646, 100, 15.0, 10.0, 1.5, 1, 96
.01, 1.1647416830062867, 1, 158.23708415031433, 100, 15.0, 10.0, 1.5, 2, 68
.01, 1.1647417664527895, 1, 158.23708832263947, 100, 15.0, 10.0, 1.5, 2, 72
.01, 1.1647418081760408, 1, 158.23709040880206, 100, 15.0, 10.0, 1.5, 2, 77
.01, 1.1647418290376663, 1, 158.23709145188332, 100, 15.0, 10.0, 1.5, 2, 84
.01, 1.1647418394684792, 1, 158.23709197342396, 100, 15.0, 10.0, 1.5, 3, 100
