epsilon, alpha, pop1, pop2, dif1, dif2, difratio, blobsize, winner
.01, 1.25, 162.5, 100, 1.0, 20.0, 0.050000000000000003, 16.0, 2
.01, 1.625, 181.25, 100, 1.0, 20.0, 0.050000000000000003, 16.0, 2
.01, 1.8125, 190.625, 100, 1.0, 20.0, 0.050000000000000003, 16.0, 1
.01, 1.71875, 185.9375, 100, 1.0, 20.0, 0.050000000000000003, 16.0, 2
.01, 1.765625, 188.28125, 100, 1.0, 20.0, 0.050000000000000003, 16.0, 2
.01, 1.7890625, 189.453125, 100, 1.0, 20.0, 0.050000000000000003, 16.0, 2
.01, 1.80078125, 190.0390625, 100, 1.0, 20.0, 0.050000000000000003, 16.0, 2
.01, 1.806640625, 190.33203125, 100, 1.0, 20.0, 0.050000000000000003, 16.0, 2
.01, 1.8095703125, 190.478515625, 100, 1.0, 20.0, 0.050000000000000003, 16.0, 2
.01, 1.81103515625, 190.5517578125, 100, 1.0, 20.0, 0.050000000000000003, 16.0, 1
.01, 1.810302734375, 190.51513671875, 100, 1.0, 20.0, 0.050000000000000003, 16.0, 2
.01, 1.8106689453125, 190.533447265625, 100, 1.0, 20.0, 0.050000000000000003, 16.0, 2
.01, 1.81085205078125, 190.5426025390625, 100, 1.0, 20.0, 0.050000000000000003, 16.0, 2
.01, 1.810943603515625, 190.54718017578125, 100, 1.0, 20.0, 0.050000000000000003, 16.0, 1
.01, 1.8108978271484375, 190.54489135742188, 100, 1.0, 20.0, 0.050000000000000003, 16.0, 1
.01, 1.8108749389648438, 190.5437469482422, 100, 1.0, 20.0, 0.050000000000000003, 16.0, 2
.01, 1.8108863830566406, 190.54431915283203, 100, 1.0, 20.0, 0.050000000000000003, 16.0, 1
.01, 1.8108806610107422, 190.5440330505371, 100, 1.0, 20.0, 0.050000000000000003, 16.0, 1
.01, 1.810877799987793, 190.54388999938965, 100, 1.0, 20.0, 0.050000000000000003, 16.0, 1
.01, 1.8108763694763184, 190.54381847381592, 100, 1.0, 20.0, 0.050000000000000003, 16.0, 2
.01, 1.8108770847320557, 190.54385423660278, 100, 1.0, 20.0, 0.050000000000000003, 16.0, 2
.01, 1.8108774423599243, 190.54387211799622, 100, 1.0, 20.0, 0.050000000000000003, 16.0, 2
.01, 1.8108776211738586, 190.54388105869293, 100, 1.0, 20.0, 0.050000000000000003, 16.0, 1
.01, 1.8108775317668915, 190.54387658834457, 100, 1.0, 20.0, 0.050000000000000003, 16.0, 2
.01, 1.810877576470375, 190.54387882351875, 100, 1.0, 20.0, 0.050000000000000003, 16.0, 3
.01, 1.25, 162.5, 100, 2.0, 19.0, 0.10526315789473684, 16.0, 2
.01, 1.625, 181.25, 100, 2.0, 19.0, 0.10526315789473684, 16.0, 2
.01, 1.8125, 190.625, 100, 2.0, 19.0, 0.10526315789473684, 16.0, 1
.01, 1.71875, 185.9375, 100, 2.0, 19.0, 0.10526315789473684, 16.0, 1
.01, 1.671875, 183.59375, 100, 2.0, 19.0, 0.10526315789473684, 16.0, 2
.01, 1.6953125, 184.765625, 100, 2.0, 19.0, 0.10526315789473684, 16.0, 1
.01, 1.68359375, 184.1796875, 100, 2.0, 19.0, 0.10526315789473684, 16.0, 1
.01, 1.677734375, 183.88671875, 100, 2.0, 19.0, 0.10526315789473684, 16.0, 1
.01, 1.6748046875, 183.740234375, 100, 2.0, 19.0, 0.10526315789473684, 16.0, 1
.01, 1.67333984375, 183.6669921875, 100, 2.0, 19.0, 0.10526315789473684, 16.0, 2
.01, 1.674072265625, 183.70361328125, 100, 2.0, 19.0, 0.10526315789473684, 16.0, 1
.01, 1.6737060546875, 183.685302734375, 100, 2.0, 19.0, 0.10526315789473684, 16.0, 2
.01, 1.67388916015625, 183.6944580078125, 100, 2.0, 19.0, 0.10526315789473684, 16.0, 1
.01, 1.673797607421875, 183.68988037109375, 100, 2.0, 19.0, 0.10526315789473684, 16.0, 1
.01, 1.6737518310546875, 183.68759155273438, 100, 2.0, 19.0, 0.10526315789473684, 16.0, 1
.01, 1.6737289428710938, 183.6864471435547, 100, 2.0, 19.0, 0.10526315789473684, 16.0, 2
.01, 1.6737403869628906, 183.68701934814453, 100, 2.0, 19.0, 0.10526315789473684, 16.0, 1
.01, 1.6737346649169922, 183.6867332458496, 100, 2.0, 19.0, 0.10526315789473684, 16.0, 1
.01, 1.673731803894043, 183.68659019470215, 100, 2.0, 19.0, 0.10526315789473684, 16.0, 2
.01, 1.6737332344055176, 183.68666172027588, 100, 2.0, 19.0, 0.10526315789473684, 16.0, 2
.01, 1.6737339496612549, 183.68669748306274, 100, 2.0, 19.0, 0.10526315789473684, 16.0, 1
.01, 1.6737335920333862, 183.6866796016693, 100, 2.0, 19.0, 0.10526315789473684, 16.0, 1
.01, 1.673733413219452, 183.6866706609726, 100, 2.0, 19.0, 0.10526315789473684, 16.0, 1
.01, 1.6737333238124847, 183.68666619062424, 100, 2.0, 19.0, 0.10526315789473684, 16.0, 2
.01, 1.6737333685159683, 183.68666842579842, 100, 2.0, 19.0, 0.10526315789473684, 16.0, 3
.01, 1.25, 162.5, 100, 3.0, 18.0, 0.16666666666666666, 16.0, 2
.01, 1.625, 181.25, 100, 3.0, 18.0, 0.16666666666666666, 16.0, 1
.01, 1.4375, 171.875, 100, 3.0, 18.0, 0.16666666666666666, 16.0, 2
.01, 1.53125, 176.5625, 100, 3.0, 18.0, 0.16666666666666666, 16.0, 2
.01, 1.578125, 178.90625, 100, 3.0, 18.0, 0.16666666666666666, 16.0, 2
.01, 1.6015625, 180.078125, 100, 3.0, 18.0, 0.16666666666666666, 16.0, 1
.01, 1.58984375, 179.4921875, 100, 3.0, 18.0, 0.16666666666666666, 16.0, 1
.01, 1.583984375, 179.19921875, 100, 3.0, 18.0, 0.16666666666666666, 16.0, 1
.01, 1.5810546875, 179.052734375, 100, 3.0, 18.0, 0.16666666666666666, 16.0, 2
.01, 1.58251953125, 179.1259765625, 100, 3.0, 18.0, 0.16666666666666666, 16.0, 1
.01, 1.581787109375, 179.08935546875, 100, 3.0, 18.0, 0.16666666666666666, 16.0, 2
.01, 1.5821533203125, 179.107666015625, 100, 3.0, 18.0, 0.16666666666666666, 16.0, 1
.01, 1.58197021484375, 179.0985107421875, 100, 3.0, 18.0, 0.16666666666666666, 16.0, 1
.01, 1.581878662109375, 179.09393310546875, 100, 3.0, 18.0, 0.16666666666666666, 16.0, 1
.01, 1.5818328857421875, 179.09164428710938, 100, 3.0, 18.0, 0.16666666666666666, 16.0, 1
.01, 1.5818099975585938, 179.0904998779297, 100, 3.0, 18.0, 0.16666666666666666, 16.0, 2
.01, 1.5818214416503906, 179.09107208251953, 100, 3.0, 18.0, 0.16666666666666666, 16.0, 2
.01, 1.581827163696289, 179.09135818481445, 100, 3.0, 18.0, 0.16666666666666666, 16.0, 2
.01, 1.5818300247192383, 179.0915012359619, 100, 3.0, 18.0, 0.16666666666666666, 16.0, 2
.01, 1.581831455230713, 179.09157276153564, 100, 3.0, 18.0, 0.16666666666666666, 16.0, 1
.01, 1.5818307399749756, 179.09153699874878, 100, 3.0, 18.0, 0.16666666666666666, 16.0, 2
.01, 1.5818310976028442, 179.0915548801422, 100, 3.0, 18.0, 0.16666666666666666, 16.0, 2
.01, 1.5818312764167786, 179.09156382083893, 100, 3.0, 18.0, 0.16666666666666666, 16.0, 1
.01, 1.5818311870098114, 179.09155935049057, 100, 3.0, 18.0, 0.16666666666666666, 16.0, 1
.01, 1.5818311423063278, 179.0915571153164, 100, 3.0, 18.0, 0.16666666666666666, 16.0, 3
.01, 1.25, 162.5, 100, 4.0, 17.0, 0.23529411764705882, 16.0, 2
.01, 1.625, 181.25, 100, 4.0, 17.0, 0.23529411764705882, 16.0, 1
.01, 1.4375, 171.875, 100, 4.0, 17.0, 0.23529411764705882, 16.0, 2
.01, 1.53125, 176.5625, 100, 4.0, 17.0, 0.23529411764705882, 16.0, 1
.01, 1.484375, 174.21875, 100, 4.0, 17.0, 0.23529411764705882, 16.0, 2
.01, 1.5078125, 175.390625, 100, 4.0, 17.0, 0.23529411764705882, 16.0, 2
.01, 1.51953125, 175.9765625, 100, 4.0, 17.0, 0.23529411764705882, 16.0, 1
.01, 1.513671875, 175.68359375, 100, 4.0, 17.0, 0.23529411764705882, 16.0, 1
.01, 1.5107421875, 175.537109375, 100, 4.0, 17.0, 0.23529411764705882, 16.0, 1
.01, 1.50927734375, 175.4638671875, 100, 4.0, 17.0, 0.23529411764705882, 16.0, 2
.01, 1.510009765625, 175.50048828125, 100, 4.0, 17.0, 0.23529411764705882, 16.0, 2
.01, 1.5103759765625, 175.518798828125, 100, 4.0, 17.0, 0.23529411764705882, 16.0, 2
.01, 1.51055908203125, 175.5279541015625, 100, 4.0, 17.0, 0.23529411764705882, 16.0, 1
.01, 1.510467529296875, 175.52337646484375, 100, 4.0, 17.0, 0.23529411764705882, 16.0, 2
.01, 1.5105133056640625, 175.52566528320312, 100, 4.0, 17.0, 0.23529411764705882, 16.0, 2
.01, 1.5105361938476562, 175.5268096923828, 100, 4.0, 17.0, 0.23529411764705882, 16.0, 1
.01, 1.5105247497558594, 175.52623748779297, 100, 4.0, 17.0, 0.23529411764705882, 16.0, 2
.01, 1.5105304718017578, 175.5265235900879, 100, 4.0, 17.0, 0.23529411764705882, 16.0, 2
.01, 1.510533332824707, 175.52666664123535, 100, 4.0, 17.0, 0.23529411764705882, 16.0, 1
.01, 1.5105319023132324, 175.52659511566162, 100, 4.0, 17.0, 0.23529411764705882, 16.0, 2
.01, 1.5105326175689697, 175.5266308784485, 100, 4.0, 17.0, 0.23529411764705882, 16.0, 2
.01, 1.5105329751968384, 175.52664875984192, 100, 4.0, 17.0, 0.23529411764705882, 16.0, 1
.01, 1.510532796382904, 175.5266398191452, 100, 4.0, 17.0, 0.23529411764705882, 16.0, 1
.01, 1.510532706975937, 175.52663534879684, 100, 4.0, 17.0, 0.23529411764705882, 16.0, 2
.01, 1.5105327516794205, 175.52663758397102, 100, 4.0, 17.0, 0.23529411764705882, 16.0, 3
.01, 1.25, 162.5, 100, 5.0, 16.0, 0.3125, 16.0, 2
.01, 1.625, 181.25, 100, 5.0, 16.0, 0.3125, 16.0, 1
.01, 1.4375, 171.875, 100, 5.0, 16.0, 0.3125, 16.0, 2
.01, 1.53125, 176.5625, 100, 5.0, 16.0, 0.3125, 16.0, 1
.01, 1.484375, 174.21875, 100, 5.0, 16.0, 0.3125, 16.0, 1
.01, 1.4609375, 173.046875, 100, 5.0, 16.0, 0.3125, 16.0, 1
.01, 1.44921875, 172.4609375, 100, 5.0, 16.0, 0.3125, 16.0, 2
.01, 1.455078125, 172.75390625, 100, 5.0, 16.0, 0.3125, 16.0, 1
.01, 1.4521484375, 172.607421875, 100, 5.0, 16.0, 0.3125, 16.0, 1
.01, 1.45068359375, 172.5341796875, 100, 5.0, 16.0, 0.3125, 16.0, 2
.01, 1.451416015625, 172.57080078125, 100, 5.0, 16.0, 0.3125, 16.0, 1
.01, 1.4510498046875, 172.552490234375, 100, 5.0, 16.0, 0.3125, 16.0, 1
.01, 1.45086669921875, 172.5433349609375, 100, 5.0, 16.0, 0.3125, 16.0, 2
.01, 1.450958251953125, 172.54791259765625, 100, 5.0, 16.0, 0.3125, 16.0, 2
.01, 1.4510040283203125, 172.55020141601562, 100, 5.0, 16.0, 0.3125, 16.0, 2
.01, 1.4510269165039062, 172.5513458251953, 100, 5.0, 16.0, 0.3125, 16.0, 2
.01, 1.4510383605957031, 172.55191802978516, 100, 5.0, 16.0, 0.3125, 16.0, 1
.01, 1.4510326385498047, 172.55163192749023, 100, 5.0, 16.0, 0.3125, 16.0, 1
.01, 1.4510297775268555, 172.55148887634277, 100, 5.0, 16.0, 0.3125, 16.0, 1
.01, 1.4510283470153809, 172.55141735076904, 100, 5.0, 16.0, 0.3125, 16.0, 2
.01, 1.4510290622711182, 172.5514531135559, 100, 5.0, 16.0, 0.3125, 16.0, 1
.01, 1.4510287046432495, 172.55143523216248, 100, 5.0, 16.0, 0.3125, 16.0, 1
.01, 1.4510285258293152, 172.55142629146576, 100, 5.0, 16.0, 0.3125, 16.0, 2
.01, 1.4510286152362823, 172.55143076181412, 100, 5.0, 16.0, 0.3125, 16.0, 1
.01, 1.4510285705327988, 172.55142852663994, 100, 5.0, 16.0, 0.3125, 16.0, 3
.01, 1.25, 162.5, 100, 6.0, 15.0, 0.40000000000000002, 16.0, 2
.01, 1.625, 181.25, 100, 6.0, 15.0, 0.40000000000000002, 16.0, 1
.01, 1.4375, 171.875, 100, 6.0, 15.0, 0.40000000000000002, 16.0, 1
.01, 1.34375, 167.1875, 100, 6.0, 15.0, 0.40000000000000002, 16.0, 2
.01, 1.390625, 169.53125, 100, 6.0, 15.0, 0.40000000000000002, 16.0, 2
.01, 1.4140625, 170.703125, 100, 6.0, 15.0, 0.40000000000000002, 16.0, 1
.01, 1.40234375, 170.1171875, 100, 6.0, 15.0, 0.40000000000000002, 16.0, 1
.01, 1.396484375, 169.82421875, 100, 6.0, 15.0, 0.40000000000000002, 16.0, 2
.01, 1.3994140625, 169.970703125, 100, 6.0, 15.0, 0.40000000000000002, 16.0, 1
.01, 1.39794921875, 169.8974609375, 100, 6.0, 15.0, 0.40000000000000002, 16.0, 2
.01, 1.398681640625, 169.93408203125, 100, 6.0, 15.0, 0.40000000000000002, 16.0, 2
.01, 1.3990478515625, 169.952392578125, 100, 6.0, 15.0, 0.40000000000000002, 16.0, 2
.01, 1.39923095703125, 169.9615478515625, 100, 6.0, 15.0, 0.40000000000000002, 16.0, 1
.01, 1.399139404296875, 169.95697021484375, 100, 6.0, 15.0, 0.40000000000000002, 16.0, 1
.01, 1.3990936279296875, 169.95468139648438, 100, 6.0, 15.0, 0.40000000000000002, 16.0, 1
.01, 1.3990707397460938, 169.9535369873047, 100, 6.0, 15.0, 0.40000000000000002, 16.0, 1
.01, 1.3990592956542969, 169.95296478271484, 100, 6.0, 15.0, 0.40000000000000002, 16.0, 2
.01, 1.3990650177001953, 169.95325088500977, 100, 6.0, 15.0, 0.40000000000000002, 16.0, 1
.01, 1.399062156677246, 169.9531078338623, 100, 6.0, 15.0, 0.40000000000000002, 16.0, 1
.01, 1.3990607261657715, 169.95303630828857, 100, 6.0, 15.0, 0.40000000000000002, 16.0, 2
.01, 1.3990614414215088, 169.95307207107544, 100, 6.0, 15.0, 0.40000000000000002, 16.0, 1
.01, 1.3990610837936401, 169.953054189682, 100, 6.0, 15.0, 0.40000000000000002, 16.0, 2
.01, 1.3990612626075745, 169.95306313037872, 100, 6.0, 15.0, 0.40000000000000002, 16.0, 1
.01, 1.3990611732006073, 169.95305866003036, 100, 6.0, 15.0, 0.40000000000000002, 16.0, 1
.01, 1.3990611284971237, 169.9530564248562, 100, 6.0, 15.0, 0.40000000000000002, 16.0, 3
.01, 1.25, 162.5, 100, 7.0, 14.0, 0.5, 16.0, 2
.01, 1.625, 181.25, 100, 7.0, 14.0, 0.5, 16.0, 1
.01, 1.4375, 171.875, 100, 7.0, 14.0, 0.5, 16.0, 1
.01, 1.34375, 167.1875, 100, 7.0, 14.0, 0.5, 16.0, 2
.01, 1.390625, 169.53125, 100, 7.0, 14.0, 0.5, 16.0, 1
.01, 1.3671875, 168.359375, 100, 7.0, 14.0, 0.5, 16.0, 1
.01, 1.35546875, 167.7734375, 100, 7.0, 14.0, 0.5, 16.0, 1
.01, 1.349609375, 167.48046875, 100, 7.0, 14.0, 0.5, 16.0, 2
.01, 1.3525390625, 167.626953125, 100, 7.0, 14.0, 0.5, 16.0, 1
.01, 1.35107421875, 167.5537109375, 100, 7.0, 14.0, 0.5, 16.0, 2
.01, 1.351806640625, 167.59033203125, 100, 7.0, 14.0, 0.5, 16.0, 2
.01, 1.3521728515625, 167.608642578125, 100, 7.0, 14.0, 0.5, 16.0, 2
.01, 1.35235595703125, 167.6177978515625, 100, 7.0, 14.0, 0.5, 16.0, 1
.01, 1.352264404296875, 167.61322021484375, 100, 7.0, 14.0, 0.5, 16.0, 1
.01, 1.3522186279296875, 167.61093139648438, 100, 7.0, 14.0, 0.5, 16.0, 1
.01, 1.3521957397460938, 167.6097869873047, 100, 7.0, 14.0, 0.5, 16.0, 2
.01, 1.3522071838378906, 167.61035919189453, 100, 7.0, 14.0, 0.5, 16.0, 2
.01, 1.352212905883789, 167.61064529418945, 100, 7.0, 14.0, 0.5, 16.0, 1
.01, 1.3522100448608398, 167.610502243042, 100, 7.0, 14.0, 0.5, 16.0, 1
.01, 1.3522086143493652, 167.61043071746826, 100, 7.0, 14.0, 0.5, 16.0, 1
.01, 1.352207899093628, 167.6103949546814, 100, 7.0, 14.0, 0.5, 16.0, 2
.01, 1.3522082567214966, 167.61041283607483, 100, 7.0, 14.0, 0.5, 16.0, 2
.01, 1.352208435535431, 167.61042177677155, 100, 7.0, 14.0, 0.5, 16.0, 1
.01, 1.3522083461284637, 167.6104173064232, 100, 7.0, 14.0, 0.5, 16.0, 1
.01, 1.3522083014249802, 167.610415071249, 100, 7.0, 14.0, 0.5, 16.0, 3
.01, 1.25, 162.5, 100, 8.0, 13.0, 0.61538461538461542, 16.0, 2
.01, 1.625, 181.25, 100, 8.0, 13.0, 0.61538461538461542, 16.0, 1
.01, 1.4375, 171.875, 100, 8.0, 13.0, 0.61538461538461542, 16.0, 1
.01, 1.34375, 167.1875, 100, 8.0, 13.0, 0.61538461538461542, 16.0, 1
.01, 1.296875, 164.84375, 100, 8.0, 13.0, 0.61538461538461542, 16.0, 2
.01, 1.3203125, 166.015625, 100, 8.0, 13.0, 0.61538461538461542, 16.0, 1
.01, 1.30859375, 165.4296875, 100, 8.0, 13.0, 0.61538461538461542, 16.0, 2
.01, 1.314453125, 165.72265625, 100, 8.0, 13.0, 0.61538461538461542, 16.0, 1
.01, 1.3115234375, 165.576171875, 100, 8.0, 13.0, 0.61538461538461542, 16.0, 1
.01, 1.31005859375, 165.5029296875, 100, 8.0, 13.0, 0.61538461538461542, 16.0, 1
.01, 1.309326171875, 165.46630859375, 100, 8.0, 13.0, 0.61538461538461542, 16.0, 1
.01, 1.3089599609375, 165.447998046875, 100, 8.0, 13.0, 0.61538461538461542, 16.0, 1
.01, 1.30877685546875, 165.4388427734375, 100, 8.0, 13.0, 0.61538461538461542, 16.0, 2
.01, 1.308868408203125, 165.44342041015625, 100, 8.0, 13.0, 0.61538461538461542, 16.0, 2
.01, 1.3089141845703125, 165.44570922851562, 100, 8.0, 13.0, 0.61538461538461542, 16.0, 2
.01, 1.3089370727539062, 165.4468536376953, 100, 8.0, 13.0, 0.61538461538461542, 16.0, 1
.01, 1.3089256286621094, 165.44628143310547, 100, 8.0, 13.0, 0.61538461538461542, 16.0, 2
.01, 1.3089313507080078, 165.4465675354004, 100, 8.0, 13.0, 0.61538461538461542, 16.0, 2
.01, 1.308934211730957, 165.44671058654785, 100, 8.0, 13.0, 0.61538461538461542, 16.0, 1
.01, 1.3089327812194824, 165.44663906097412, 100, 8.0, 13.0, 0.61538461538461542, 16.0, 2
.01, 1.3089334964752197, 165.446674823761, 100, 8.0, 13.0, 0.61538461538461542, 16.0, 1
.01, 1.308933138847351, 165.44665694236755, 100, 8.0, 13.0, 0.61538461538461542, 16.0, 1
.01, 1.3089329600334167, 165.44664800167084, 100, 8.0, 13.0, 0.61538461538461542, 16.0, 2
.01, 1.308933049440384, 165.4466524720192, 100, 8.0, 13.0, 0.61538461538461542, 16.0, 1
.01, 1.3089330047369003, 165.44665023684502, 100, 8.0, 13.0, 0.61538461538461542, 16.0, 3
.01, 1.25, 162.5, 100, 9.0, 12.0, 0.75, 16.0, 2
.01, 1.625, 181.25, 100, 9.0, 12.0, 0.75, 16.0, 1
.01, 1.4375, 171.875, 100, 9.0, 12.0, 0.75, 16.0, 1
.01, 1.34375, 167.1875, 100, 9.0, 12.0, 0.75, 16.0, 1
.01, 1.296875, 164.84375, 100, 9.0, 12.0, 0.75, 16.0, 1
.01, 1.2734375, 163.671875, 100, 9.0, 12.0, 0.75, 16.0, 1
.01, 1.26171875, 163.0859375, 100, 9.0, 12.0, 0.75, 16.0, 2
.01, 1.267578125, 163.37890625, 100, 9.0, 12.0, 0.75, 16.0, 2
.01, 1.2705078125, 163.525390625, 100, 9.0, 12.0, 0.75, 16.0, 1
.01, 1.26904296875, 163.4521484375, 100, 9.0, 12.0, 0.75, 16.0, 1
.01, 1.268310546875, 163.41552734375, 100, 9.0, 12.0, 0.75, 16.0, 1
.01, 1.2679443359375, 163.397216796875, 100, 9.0, 12.0, 0.75, 16.0, 2
.01, 1.26812744140625, 163.4063720703125, 100, 9.0, 12.0, 0.75, 16.0, 2
.01, 1.268218994140625, 163.41094970703125, 100, 9.0, 12.0, 0.75, 16.0, 1
.01, 1.2681732177734375, 163.40866088867188, 100, 9.0, 12.0, 0.75, 16.0, 2
.01, 1.2681961059570312, 163.40980529785156, 100, 9.0, 12.0, 0.75, 16.0, 1
.01, 1.2681846618652344, 163.40923309326172, 100, 9.0, 12.0, 0.75, 16.0, 1
.01, 1.268178939819336, 163.4089469909668, 100, 9.0, 12.0, 0.75, 16.0, 1
.01, 1.2681760787963867, 163.40880393981934, 100, 9.0, 12.0, 0.75, 16.0, 1
.01, 1.268174648284912, 163.4087324142456, 100, 9.0, 12.0, 0.75, 16.0, 1
.01, 1.2681739330291748, 163.40869665145874, 100, 9.0, 12.0, 0.75, 16.0, 1
.01, 1.2681735754013062, 163.4086787700653, 100, 9.0, 12.0, 0.75, 16.0, 1
.01, 1.2681733965873718, 163.4086698293686, 100, 9.0, 12.0, 0.75, 16.0, 2
.01, 1.268173485994339, 163.40867429971695, 100, 9.0, 12.0, 0.75, 16.0, 1
.01, 1.2681734412908554, 163.40867206454277, 100, 9.0, 12.0, 0.75, 16.0, 3
.01, 1.25, 162.5, 100, 10.0, 11.0, 0.90909090909090906, 16.0, 1
.01, 0.875, 143.75, 100, 10.0, 11.0, 0.90909090909090906, 16.0, 2
.01, 1.0625, 153.125, 100, 10.0, 11.0, 0.90909090909090906, 16.0, 2
.01, 1.15625, 157.8125, 100, 10.0, 11.0, 0.90909090909090906, 16.0, 2
.01, 1.203125, 160.15625, 100, 10.0, 11.0, 0.90909090909090906, 16.0, 2
.01, 1.2265625, 161.328125, 100, 10.0, 11.0, 0.90909090909090906, 16.0, 2
.01, 1.23828125, 161.9140625, 100, 10.0, 11.0, 0.90909090909090906, 16.0, 1
.01, 1.232421875, 161.62109375, 100, 10.0, 11.0, 0.90909090909090906, 16.0, 1
.01, 1.2294921875, 161.474609375, 100, 10.0, 11.0, 0.90909090909090906, 16.0, 1
.01, 1.22802734375, 161.4013671875, 100, 10.0, 11.0, 0.90909090909090906, 16.0, 2
.01, 1.228759765625, 161.43798828125, 100, 10.0, 11.0, 0.90909090909090906, 16.0, 2
.01, 1.2291259765625, 161.456298828125, 100, 10.0, 11.0, 0.90909090909090906, 16.0, 2
.01, 1.22930908203125, 161.4654541015625, 100, 10.0, 11.0, 0.90909090909090906, 16.0, 1
.01, 1.229217529296875, 161.46087646484375, 100, 10.0, 11.0, 0.90909090909090906, 16.0, 1
.01, 1.2291717529296875, 161.45858764648438, 100, 10.0, 11.0, 0.90909090909090906, 16.0, 1
.01, 1.2291488647460938, 161.4574432373047, 100, 10.0, 11.0, 0.90909090909090906, 16.0, 1
.01, 1.2291374206542969, 161.45687103271484, 100, 10.0, 11.0, 0.90909090909090906, 16.0, 2
.01, 1.2291431427001953, 161.45715713500977, 100, 10.0, 11.0, 0.90909090909090906, 16.0, 1
.01, 1.229140281677246, 161.4570140838623, 100, 10.0, 11.0, 0.90909090909090906, 16.0, 1
.01, 1.2291388511657715, 161.45694255828857, 100, 10.0, 11.0, 0.90909090909090906, 16.0, 1
.01, 1.2291381359100342, 161.4569067955017, 100, 10.0, 11.0, 0.90909090909090906, 16.0, 2
.01, 1.2291384935379028, 161.45692467689514, 100, 10.0, 11.0, 0.90909090909090906, 16.0, 2
.01, 1.2291386723518372, 161.45693361759186, 100, 10.0, 11.0, 0.90909090909090906, 16.0, 2
.01, 1.2291387617588043, 161.45693808794022, 100, 10.0, 11.0, 0.90909090909090906, 16.0, 2
.01, 1.229138806462288, 161.4569403231144, 100, 10.0, 11.0, 0.90909090909090906, 16.0, 3
.01, 1.25, 162.5, 100, 11.0, 10.0, 1.1000000000000001, 16.0, 1
.01, 0.875, 143.75, 100, 11.0, 10.0, 1.1000000000000001, 16.0, 2
.01, 1.0625, 153.125, 100, 11.0, 10.0, 1.1000000000000001, 16.0, 2
.01, 1.15625, 157.8125, 100, 11.0, 10.0, 1.1000000000000001, 16.0, 2
.01, 1.203125, 160.15625, 100, 11.0, 10.0, 1.1000000000000001, 16.0, 1
.01, 1.1796875, 158.984375, 100, 11.0, 10.0, 1.1000000000000001, 16.0, 2
.01, 1.19140625, 159.5703125, 100, 11.0, 10.0, 1.1000000000000001, 16.0, 1
.01, 1.185546875, 159.27734375, 100, 11.0, 10.0, 1.1000000000000001, 16.0, 2
.01, 1.1884765625, 159.423828125, 100, 11.0, 10.0, 1.1000000000000001, 16.0, 2
.01, 1.18994140625, 159.4970703125, 100, 11.0, 10.0, 1.1000000000000001, 16.0, 2
.01, 1.190673828125, 159.53369140625, 100, 11.0, 10.0, 1.1000000000000001, 16.0, 2
.01, 1.1910400390625, 159.552001953125, 100, 11.0, 10.0, 1.1000000000000001, 16.0, 2
.01, 1.19122314453125, 159.5611572265625, 100, 11.0, 10.0, 1.1000000000000001, 16.0, 1
.01, 1.191131591796875, 159.55657958984375, 100, 11.0, 10.0, 1.1000000000000001, 16.0, 2
.01, 1.1911773681640625, 159.55886840820312, 100, 11.0, 10.0, 1.1000000000000001, 16.0, 2
.01, 1.1912002563476562, 159.5600128173828, 100, 11.0, 10.0, 1.1000000000000001, 16.0, 1
.01, 1.1911888122558594, 159.55944061279297, 100, 11.0, 10.0, 1.1000000000000001, 16.0, 2
.01, 1.1911945343017578, 159.5597267150879, 100, 11.0, 10.0, 1.1000000000000001, 16.0, 2
.01, 1.191197395324707, 159.55986976623535, 100, 11.0, 10.0, 1.1000000000000001, 16.0, 1
.01, 1.1911959648132324, 159.55979824066162, 100, 11.0, 10.0, 1.1000000000000001, 16.0, 1
.01, 1.1911952495574951, 159.55976247787476, 100, 11.0, 10.0, 1.1000000000000001, 16.0, 2
.01, 1.1911956071853638, 159.5597803592682, 100, 11.0, 10.0, 1.1000000000000001, 16.0, 1
.01, 1.1911954283714294, 159.55977141857147, 100, 11.0, 10.0, 1.1000000000000001, 16.0, 1
.01, 1.1911953389644623, 159.5597669482231, 100, 11.0, 10.0, 1.1000000000000001, 16.0, 2
.01, 1.1911953836679459, 159.5597691833973, 100, 11.0, 10.0, 1.1000000000000001, 16.0, 3
.01, 1.25, 162.5, 100, 12.0, 9.0, 1.3333333333333333, 16.0, 1
.01, 0.875, 143.75, 100, 12.0, 9.0, 1.3333333333333333, 16.0, 2
.01, 1.0625, 153.125, 100, 12.0, 9.0, 1.3333333333333333, 16.0, 2
.01, 1.15625, 157.8125, 100, 12.0, 9.0, 1.3333333333333333, 16.0, 1
.01, 1.109375, 155.46875, 100, 12.0, 9.0, 1.3333333333333333, 16.0, 2
.01, 1.1328125, 156.640625, 100, 12.0, 9.0, 1.3333333333333333, 16.0, 2
.01, 1.14453125, 157.2265625, 100, 12.0, 9.0, 1.3333333333333333, 16.0, 2
.01, 1.150390625, 157.51953125, 100, 12.0, 9.0, 1.3333333333333333, 16.0, 2
.01, 1.1533203125, 157.666015625, 100, 12.0, 9.0, 1.3333333333333333, 16.0, 2
.01, 1.15478515625, 157.7392578125, 100, 12.0, 9.0, 1.3333333333333333, 16.0, 1
.01, 1.154052734375, 157.70263671875, 100, 12.0, 9.0, 1.3333333333333333, 16.0, 1
.01, 1.1536865234375, 157.684326171875, 100, 12.0, 9.0, 1.3333333333333333, 16.0, 2
.01, 1.15386962890625, 157.6934814453125, 100, 12.0, 9.0, 1.3333333333333333, 16.0, 1
.01, 1.153778076171875, 157.68890380859375, 100, 12.0, 9.0, 1.3333333333333333, 16.0, 2
.01, 1.1538238525390625, 157.69119262695312, 100, 12.0, 9.0, 1.3333333333333333, 16.0, 1
.01, 1.1538009643554688, 157.69004821777344, 100, 12.0, 9.0, 1.3333333333333333, 16.0, 1
.01, 1.1537895202636719, 157.6894760131836, 100, 12.0, 9.0, 1.3333333333333333, 16.0, 2
.01, 1.1537952423095703, 157.68976211547852, 100, 12.0, 9.0, 1.3333333333333333, 16.0, 1
.01, 1.153792381286621, 157.68961906433105, 100, 12.0, 9.0, 1.3333333333333333, 16.0, 2
.01, 1.1537938117980957, 157.68969058990479, 100, 12.0, 9.0, 1.3333333333333333, 16.0, 2
.01, 1.153794527053833, 157.68972635269165, 100, 12.0, 9.0, 1.3333333333333333, 16.0, 1
.01, 1.1537941694259644, 157.68970847129822, 100, 12.0, 9.0, 1.3333333333333333, 16.0, 1
.01, 1.15379399061203, 157.6896995306015, 100, 12.0, 9.0, 1.3333333333333333, 16.0, 2
.01, 1.1537940800189972, 157.68970400094986, 100, 12.0, 9.0, 1.3333333333333333, 16.0, 2
.01, 1.1537941247224808, 157.68970623612404, 100, 12.0, 9.0, 1.3333333333333333, 16.0, 3
.01, 1.25, 162.5, 100, 13.0, 8.0, 1.625, 16.0, 1
.01, 0.875, 143.75, 100, 13.0, 8.0, 1.625, 16.0, 2
.01, 1.0625, 153.125, 100, 13.0, 8.0, 1.625, 16.0, 2
.01, 1.15625, 157.8125, 100, 13.0, 8.0, 1.625, 16.0, 1
.01, 1.109375, 155.46875, 100, 13.0, 8.0, 1.625, 16.0, 2
.01, 1.1328125, 156.640625, 100, 13.0, 8.0, 1.625, 16.0, 1
.01, 1.12109375, 156.0546875, 100, 13.0, 8.0, 1.625, 16.0, 1
.01, 1.115234375, 155.76171875, 100, 13.0, 8.0, 1.625, 16.0, 2
.01, 1.1181640625, 155.908203125, 100, 13.0, 8.0, 1.625, 16.0, 1
.01, 1.11669921875, 155.8349609375, 100, 13.0, 8.0, 1.625, 16.0, 1
.01, 1.115966796875, 155.79833984375, 100, 13.0, 8.0, 1.625, 16.0, 2
.01, 1.1163330078125, 155.816650390625, 100, 13.0, 8.0, 1.625, 16.0, 2
.01, 1.11651611328125, 155.8258056640625, 100, 13.0, 8.0, 1.625, 16.0, 1
.01, 1.116424560546875, 155.82122802734375, 100, 13.0, 8.0, 1.625, 16.0, 1
.01, 1.1163787841796875, 155.81893920898438, 100, 13.0, 8.0, 1.625, 16.0, 2
.01, 1.1164016723632812, 155.82008361816406, 100, 13.0, 8.0, 1.625, 16.0, 2
.01, 1.1164131164550781, 155.8206558227539, 100, 13.0, 8.0, 1.625, 16.0, 2
.01, 1.1164188385009766, 155.82094192504883, 100, 13.0, 8.0, 1.625, 16.0, 1
.01, 1.1164159774780273, 155.82079887390137, 100, 13.0, 8.0, 1.625, 16.0, 2
.01, 1.116417407989502, 155.8208703994751, 100, 13.0, 8.0, 1.625, 16.0, 1
.01, 1.1164166927337646, 155.82083463668823, 100, 13.0, 8.0, 1.625, 16.0, 2
.01, 1.1164170503616333, 155.82085251808167, 100, 13.0, 8.0, 1.625, 16.0, 1
.01, 1.116416871547699, 155.82084357738495, 100, 13.0, 8.0, 1.625, 16.0, 2
.01, 1.1164169609546661, 155.8208480477333, 100, 13.0, 8.0, 1.625, 16.0, 1
.01, 1.1164169162511826, 155.82084581255913, 100, 13.0, 8.0, 1.625, 16.0, 3
.01, 1.25, 162.5, 100, 14.0, 7.0, 2.0, 16.0, 1
.01, 0.875, 143.75, 100, 14.0, 7.0, 2.0, 16.0, 2
.01, 1.0625, 153.125, 100, 14.0, 7.0, 2.0, 16.0, 2
.01, 1.15625, 157.8125, 100, 14.0, 7.0, 2.0, 16.0, 1
.01, 1.109375, 155.46875, 100, 14.0, 7.0, 2.0, 16.0, 1
.01, 1.0859375, 154.296875, 100, 14.0, 7.0, 2.0, 16.0, 1
.01, 1.07421875, 153.7109375, 100, 14.0, 7.0, 2.0, 16.0, 2
.01, 1.080078125, 154.00390625, 100, 14.0, 7.0, 2.0, 16.0, 1
.01, 1.0771484375, 153.857421875, 100, 14.0, 7.0, 2.0, 16.0, 2
.01, 1.07861328125, 153.9306640625, 100, 14.0, 7.0, 2.0, 16.0, 1
.01, 1.077880859375, 153.89404296875, 100, 14.0, 7.0, 2.0, 16.0, 2
.01, 1.0782470703125, 153.912353515625, 100, 14.0, 7.0, 2.0, 16.0, 2
.01, 1.07843017578125, 153.9215087890625, 100, 14.0, 7.0, 2.0, 16.0, 2
.01, 1.078521728515625, 153.92608642578125, 100, 14.0, 7.0, 2.0, 16.0, 2
.01, 1.0785675048828125, 153.92837524414062, 100, 14.0, 7.0, 2.0, 16.0, 1
.01, 1.0785446166992188, 153.92723083496094, 100, 14.0, 7.0, 2.0, 16.0, 1
.01, 1.0785331726074219, 153.9266586303711, 100, 14.0, 7.0, 2.0, 16.0, 1
.01, 1.0785274505615234, 153.92637252807617, 100, 14.0, 7.0, 2.0, 16.0, 1
.01, 1.0785245895385742, 153.9262294769287, 100, 14.0, 7.0, 2.0, 16.0, 2
.01, 1.0785260200500488, 153.92630100250244, 100, 14.0, 7.0, 2.0, 16.0, 2
.01, 1.0785267353057861, 153.9263367652893, 100, 14.0, 7.0, 2.0, 16.0, 2
.01, 1.0785270929336548, 153.92635464668274, 100, 14.0, 7.0, 2.0, 16.0, 2
.01, 1.0785272717475891, 153.92636358737946, 100, 14.0, 7.0, 2.0, 16.0, 2
.01, 1.0785273611545563, 153.9263680577278, 100, 14.0, 7.0, 2.0, 16.0, 1
.01, 1.0785273164510727, 153.92636582255363, 100, 14.0, 7.0, 2.0, 16.0, 3
.01, 1.25, 162.5, 100, 15.0, 6.0, 2.5, 16.0, 1
.01, 0.875, 143.75, 100, 15.0, 6.0, 2.5, 16.0, 2
.01, 1.0625, 153.125, 100, 15.0, 6.0, 2.5, 16.0, 1
.01, 0.96875, 148.4375, 100, 15.0, 6.0, 2.5, 16.0, 2
.01, 1.015625, 150.78125, 100, 15.0, 6.0, 2.5, 16.0, 2
.01, 1.0390625, 151.953125, 100, 15.0, 6.0, 2.5, 16.0, 2
.01, 1.05078125, 152.5390625, 100, 15.0, 6.0, 2.5, 16.0, 1
.01, 1.044921875, 152.24609375, 100, 15.0, 6.0, 2.5, 16.0, 1
.01, 1.0419921875, 152.099609375, 100, 15.0, 6.0, 2.5, 16.0, 1
.01, 1.04052734375, 152.0263671875, 100, 15.0, 6.0, 2.5, 16.0, 1
.01, 1.039794921875, 151.98974609375, 100, 15.0, 6.0, 2.5, 16.0, 1
.01, 1.0394287109375, 151.971435546875, 100, 15.0, 6.0, 2.5, 16.0, 2
.01, 1.03961181640625, 151.9805908203125, 100, 15.0, 6.0, 2.5, 16.0, 1
.01, 1.039520263671875, 151.97601318359375, 100, 15.0, 6.0, 2.5, 16.0, 1
.01, 1.0394744873046875, 151.97372436523438, 100, 15.0, 6.0, 2.5, 16.0, 2
.01, 1.0394973754882812, 151.97486877441406, 100, 15.0, 6.0, 2.5, 16.0, 2
.01, 1.0395088195800781, 151.9754409790039, 100, 15.0, 6.0, 2.5, 16.0, 2
.01, 1.0395145416259766, 151.97572708129883, 100, 15.0, 6.0, 2.5, 16.0, 1
.01, 1.0395116806030273, 151.97558403015137, 100, 15.0, 6.0, 2.5, 16.0, 2
.01, 1.039513111114502, 151.9756555557251, 100, 15.0, 6.0, 2.5, 16.0, 1
.01, 1.0395123958587646, 151.97561979293823, 100, 15.0, 6.0, 2.5, 16.0, 2
.01, 1.0395127534866333, 151.97563767433167, 100, 15.0, 6.0, 2.5, 16.0, 1
.01, 1.039512574672699, 151.97562873363495, 100, 15.0, 6.0, 2.5, 16.0, 1
.01, 1.0395124852657318, 151.9756242632866, 100, 15.0, 6.0, 2.5, 16.0, 1
.01, 1.0395124405622482, 151.9756220281124, 100, 15.0, 6.0, 2.5, 16.0, 3
.01, 1.25, 162.5, 100, 16.0, 5.0, 3.2000000000000002, 16.0, 1
.01, 0.875, 143.75, 100, 16.0, 5.0, 3.2000000000000002, 16.0, 2
.01, 1.0625, 153.125, 100, 16.0, 5.0, 3.2000000000000002, 16.0, 1
.01, 0.96875, 148.4375, 100, 16.0, 5.0, 3.2000000000000002, 16.0, 2
.01, 1.015625, 150.78125, 100, 16.0, 5.0, 3.2000000000000002, 16.0, 1
.01, 0.9921875, 149.609375, 100, 16.0, 5.0, 3.2000000000000002, 16.0, 2
.01, 1.00390625, 150.1953125, 100, 16.0, 5.0, 3.2000000000000002, 16.0, 1
.01, 0.998046875, 149.90234375, 100, 16.0, 5.0, 3.2000000000000002, 16.0, 2
.01, 1.0009765625, 150.048828125, 100, 16.0, 5.0, 3.2000000000000002, 16.0, 1
.01, 0.99951171875, 149.9755859375, 100, 16.0, 5.0, 3.2000000000000002, 16.0, 1
.01, 0.998779296875, 149.93896484375, 100, 16.0, 5.0, 3.2000000000000002, 16.0, 1
.01, 0.9984130859375, 149.920654296875, 100, 16.0, 5.0, 3.2000000000000002, 16.0, 2
.01, 0.99859619140625, 149.9298095703125, 100, 16.0, 5.0, 3.2000000000000002, 16.0, 2
.01, 0.998687744140625, 149.93438720703125, 100, 16.0, 5.0, 3.2000000000000002, 16.0, 1
.01, 0.9986419677734375, 149.93209838867188, 100, 16.0, 5.0, 3.2000000000000002, 16.0, 1
.01, 0.9986190795898438, 149.9309539794922, 100, 16.0, 5.0, 3.2000000000000002, 16.0, 1
.01, 0.9986076354980469, 149.93038177490234, 100, 16.0, 5.0, 3.2000000000000002, 16.0, 1
.01, 0.9986019134521484, 149.93009567260742, 100, 16.0, 5.0, 3.2000000000000002, 16.0, 1
.01, 0.9985990524291992, 149.92995262145996, 100, 16.0, 5.0, 3.2000000000000002, 16.0, 1
.01, 0.9985976219177246, 149.92988109588623, 100, 16.0, 5.0, 3.2000000000000002, 16.0, 1
.01, 0.9985969066619873, 149.92984533309937, 100, 16.0, 5.0, 3.2000000000000002, 16.0, 2
.01, 0.998597264289856, 149.9298632144928, 100, 16.0, 5.0, 3.2000000000000002, 16.0, 1
.01, 0.9985970854759216, 149.92985427379608, 100, 16.0, 5.0, 3.2000000000000002, 16.0, 2
.01, 0.9985971748828888, 149.92985874414444, 100, 16.0, 5.0, 3.2000000000000002, 16.0, 2
.01, 0.9985972195863724, 149.92986097931862, 100, 16.0, 5.0, 3.2000000000000002, 16.0, 3
.01, 1.25, 162.5, 100, 17.0, 4.0, 4.25, 16.0, 1
.01, 0.875, 143.75, 100, 17.0, 4.0, 4.25, 16.0, 2
.01, 1.0625, 153.125, 100, 17.0, 4.0, 4.25, 16.0, 1
.01, 0.96875, 148.4375, 100, 17.0, 4.0, 4.25, 16.0, 1
.01, 0.921875, 146.09375, 100, 17.0, 4.0, 4.25, 16.0, 2
.01, 0.9453125, 147.265625, 100, 17.0, 4.0, 4.25, 16.0, 2
.01, 0.95703125, 147.8515625, 100, 17.0, 4.0, 4.25, 16.0, 1
.01, 0.951171875, 147.55859375, 100, 17.0, 4.0, 4.25, 16.0, 2
.01, 0.9541015625, 147.705078125, 100, 17.0, 4.0, 4.25, 16.0, 2
.01, 0.95556640625, 147.7783203125, 100, 17.0, 4.0, 4.25, 16.0, 1
.01, 0.954833984375, 147.74169921875, 100, 17.0, 4.0, 4.25, 16.0, 1
.01, 0.9544677734375, 147.723388671875, 100, 17.0, 4.0, 4.25, 16.0, 2
.01, 0.95465087890625, 147.7325439453125, 100, 17.0, 4.0, 4.25, 16.0, 2
.01, 0.954742431640625, 147.73712158203125, 100, 17.0, 4.0, 4.25, 16.0, 1
.01, 0.9546966552734375, 147.73483276367188, 100, 17.0, 4.0, 4.25, 16.0, 1
.01, 0.9546737670898438, 147.7336883544922, 100, 17.0, 4.0, 4.25, 16.0, 2
.01, 0.9546852111816406, 147.73426055908203, 100, 17.0, 4.0, 4.25, 16.0, 2
.01, 0.9546909332275391, 147.73454666137695, 100, 17.0, 4.0, 4.25, 16.0, 1
.01, 0.9546880722045898, 147.7344036102295, 100, 17.0, 4.0, 4.25, 16.0, 1
.01, 0.9546866416931152, 147.73433208465576, 100, 17.0, 4.0, 4.25, 16.0, 2
.01, 0.9546873569488525, 147.73436784744263, 100, 17.0, 4.0, 4.25, 16.0, 2
.01, 0.9546877145767212, 147.73438572883606, 100, 17.0, 4.0, 4.25, 16.0, 2
.01, 0.9546878933906555, 147.73439466953278, 100, 17.0, 4.0, 4.25, 16.0, 2
.01, 0.9546879827976227, 147.73439913988113, 100, 17.0, 4.0, 4.25, 16.0, 1
.01, 0.9546879380941391, 147.73439690470695, 100, 17.0, 4.0, 4.25, 16.0, 3
.01, 1.25, 162.5, 100, 18.0, 3.0, 6.0, 16.0, 1
.01, 0.875, 143.75, 100, 18.0, 3.0, 6.0, 16.0, 2
.01, 1.0625, 153.125, 100, 18.0, 3.0, 6.0, 16.0, 1
.01, 0.96875, 148.4375, 100, 18.0, 3.0, 6.0, 16.0, 1
.01, 0.921875, 146.09375, 100, 18.0, 3.0, 6.0, 16.0, 1
.01, 0.8984375, 144.921875, 100, 18.0, 3.0, 6.0, 16.0, 2
.01, 0.91015625, 145.5078125, 100, 18.0, 3.0, 6.0, 16.0, 1
.01, 0.904296875, 145.21484375, 100, 18.0, 3.0, 6.0, 16.0, 2
.01, 0.9072265625, 145.361328125, 100, 18.0, 3.0, 6.0, 16.0, 1
.01, 0.90576171875, 145.2880859375, 100, 18.0, 3.0, 6.0, 16.0, 2
.01, 0.906494140625, 145.32470703125, 100, 18.0, 3.0, 6.0, 16.0, 1
.01, 0.9061279296875, 145.306396484375, 100, 18.0, 3.0, 6.0, 16.0, 1
.01, 0.90594482421875, 145.2972412109375, 100, 18.0, 3.0, 6.0, 16.0, 2
.01, 0.906036376953125, 145.30181884765625, 100, 18.0, 3.0, 6.0, 16.0, 2
.01, 0.9060821533203125, 145.30410766601562, 100, 18.0, 3.0, 6.0, 16.0, 1
.01, 0.9060592651367188, 145.30296325683594, 100, 18.0, 3.0, 6.0, 16.0, 1
.01, 0.9060478210449219, 145.3023910522461, 100, 18.0, 3.0, 6.0, 16.0, 1
.01, 0.9060420989990234, 145.30210494995117, 100, 18.0, 3.0, 6.0, 16.0, 1
.01, 0.9060392379760742, 145.3019618988037, 100, 18.0, 3.0, 6.0, 16.0, 1
.01, 0.9060378074645996, 145.30189037322998, 100, 18.0, 3.0, 6.0, 16.0, 1
.01, 0.9060370922088623, 145.30185461044312, 100, 18.0, 3.0, 6.0, 16.0, 1
.01, 0.9060367345809937, 145.30183672904968, 100, 18.0, 3.0, 6.0, 16.0, 2
.01, 0.906036913394928, 145.3018456697464, 100, 18.0, 3.0, 6.0, 16.0, 1
.01, 0.9060368239879608, 145.30184119939804, 100, 18.0, 3.0, 6.0, 16.0, 1
.01, 0.9060367792844772, 145.30183896422386, 100, 18.0, 3.0, 6.0, 16.0, 3
.01, 1.25, 162.5, 100, 19.0, 2.0, 9.5, 16.0, 1
.01, 0.875, 143.75, 100, 19.0, 2.0, 9.5, 16.0, 1
.01, 0.6875, 134.375, 100, 19.0, 2.0, 9.5, 16.0, 2
.01, 0.78125, 139.0625, 100, 19.0, 2.0, 9.5, 16.0, 2
.01, 0.828125, 141.40625, 100, 19.0, 2.0, 9.5, 16.0, 2
.01, 0.8515625, 142.578125, 100, 19.0, 2.0, 9.5, 16.0, 1
.01, 0.83984375, 141.9921875, 100, 19.0, 2.0, 9.5, 16.0, 2
.01, 0.845703125, 142.28515625, 100, 19.0, 2.0, 9.5, 16.0, 2
.01, 0.8486328125, 142.431640625, 100, 19.0, 2.0, 9.5, 16.0, 2
.01, 0.85009765625, 142.5048828125, 100, 19.0, 2.0, 9.5, 16.0, 1
.01, 0.849365234375, 142.46826171875, 100, 19.0, 2.0, 9.5, 16.0, 1
.01, 0.8489990234375, 142.449951171875, 100, 19.0, 2.0, 9.5, 16.0, 2
.01, 0.84918212890625, 142.4591064453125, 100, 19.0, 2.0, 9.5, 16.0, 2
.01, 0.849273681640625, 142.46368408203125, 100, 19.0, 2.0, 9.5, 16.0, 2
.01, 0.8493194580078125, 142.46597290039062, 100, 19.0, 2.0, 9.5, 16.0, 2
.01, 0.8493423461914062, 142.4671173095703, 100, 19.0, 2.0, 9.5, 16.0, 1
.01, 0.8493309020996094, 142.46654510498047, 100, 19.0, 2.0, 9.5, 16.0, 2
.01, 0.8493366241455078, 142.4668312072754, 100, 19.0, 2.0, 9.5, 16.0, 2
.01, 0.849339485168457, 142.46697425842285, 100, 19.0, 2.0, 9.5, 16.0, 2
.01, 0.8493409156799316, 142.46704578399658, 100, 19.0, 2.0, 9.5, 16.0, 1
.01, 0.8493402004241943, 142.46701002120972, 100, 19.0, 2.0, 9.5, 16.0, 1
.01, 0.8493398427963257, 142.46699213981628, 100, 19.0, 2.0, 9.5, 16.0, 1
.01, 0.8493396639823914, 142.46698319911957, 100, 19.0, 2.0, 9.5, 16.0, 2
.01, 0.8493397533893585, 142.46698766946793, 100, 19.0, 2.0, 9.5, 16.0, 2
.01, 0.8493397980928421, 142.4669899046421, 100, 19.0, 2.0, 9.5, 16.0, 3
.01, 1.25, 162.5, 100, 20.0, 1.0, 20.0, 16.0, 1
.01, 0.875, 143.75, 100, 20.0, 1.0, 20.0, 16.0, 1
.01, 0.6875, 134.375, 100, 20.0, 1.0, 20.0, 16.0, 2
.01, 0.78125, 139.0625, 100, 20.0, 1.0, 20.0, 16.0, 1
.01, 0.734375, 136.71875, 100, 20.0, 1.0, 20.0, 16.0, 2
.01, 0.7578125, 137.890625, 100, 20.0, 1.0, 20.0, 16.0, 2
.01, 0.76953125, 138.4765625, 100, 20.0, 1.0, 20.0, 16.0, 2
.01, 0.775390625, 138.76953125, 100, 20.0, 1.0, 20.0, 16.0, 2
.01, 0.7783203125, 138.916015625, 100, 20.0, 1.0, 20.0, 16.0, 1
.01, 0.77685546875, 138.8427734375, 100, 20.0, 1.0, 20.0, 16.0, 1
.01, 0.776123046875, 138.80615234375, 100, 20.0, 1.0, 20.0, 16.0, 2
.01, 0.7764892578125, 138.824462890625, 100, 20.0, 1.0, 20.0, 16.0, 1
.01, 0.77630615234375, 138.8153076171875, 100, 20.0, 1.0, 20.0, 16.0, 1
.01, 0.776214599609375, 138.81072998046875, 100, 20.0, 1.0, 20.0, 16.0, 2
.01, 0.7762603759765625, 138.81301879882812, 100, 20.0, 1.0, 20.0, 16.0, 1
.01, 0.7762374877929688, 138.81187438964844, 100, 20.0, 1.0, 20.0, 16.0, 2
.01, 0.7762489318847656, 138.81244659423828, 100, 20.0, 1.0, 20.0, 16.0, 2
.01, 0.7762546539306641, 138.8127326965332, 100, 20.0, 1.0, 20.0, 16.0, 2
.01, 0.7762575149536133, 138.81287574768066, 100, 20.0, 1.0, 20.0, 16.0, 2
.01, 0.7762589454650879, 138.8129472732544, 100, 20.0, 1.0, 20.0, 16.0, 2
.01, 0.7762596607208252, 138.81298303604126, 100, 20.0, 1.0, 20.0, 16.0, 2
.01, 0.7762600183486938, 138.8130009174347, 100, 20.0, 1.0, 20.0, 16.0, 2
.01, 0.7762601971626282, 138.8130098581314, 100, 20.0, 1.0, 20.0, 16.0, 1
.01, 0.776260107755661, 138.81300538778305, 100, 20.0, 1.0, 20.0, 16.0, 2
.01, 0.7762601524591446, 138.81300762295723, 100, 20.0, 1.0, 20.0, 16.0, 3
