epsilon, alpha, pop1, pop2, dif1, dif2, difratio, blobsize, winner
.01, 1.25, 162.5, 100, 1.0, 20.0, 0.050000000000000003, 15.0, 2
.01, 1.625, 181.25, 100, 1.0, 20.0, 0.050000000000000003, 15.0, 2
.01, 1.8125, 190.625, 100, 1.0, 20.0, 0.050000000000000003, 15.0, 2
.01, 1.90625, 195.3125, 100, 1.0, 20.0, 0.050000000000000003, 15.0, 1
.01, 1.859375, 192.96875, 100, 1.0, 20.0, 0.050000000000000003, 15.0, 1
.01, 1.8359375, 191.796875, 100, 1.0, 20.0, 0.050000000000000003, 15.0, 1
.01, 1.82421875, 191.2109375, 100, 1.0, 20.0, 0.050000000000000003, 15.0, 2
.01, 1.830078125, 191.50390625, 100, 1.0, 20.0, 0.050000000000000003, 15.0, 1
.01, 1.8271484375, 191.357421875, 100, 1.0, 20.0, 0.050000000000000003, 15.0, 1
.01, 1.82568359375, 191.2841796875, 100, 1.0, 20.0, 0.050000000000000003, 15.0, 2
.01, 1.826416015625, 191.32080078125, 100, 1.0, 20.0, 0.050000000000000003, 15.0, 1
.01, 1.8260498046875, 191.302490234375, 100, 1.0, 20.0, 0.050000000000000003, 15.0, 2
.01, 1.82623291015625, 191.3116455078125, 100, 1.0, 20.0, 0.050000000000000003, 15.0, 2
.01, 1.826324462890625, 191.31622314453125, 100, 1.0, 20.0, 0.050000000000000003, 15.0, 1
.01, 1.8262786865234375, 191.31393432617188, 100, 1.0, 20.0, 0.050000000000000003, 15.0, 1
.01, 1.8262557983398438, 191.3127899169922, 100, 1.0, 20.0, 0.050000000000000003, 15.0, 2
.01, 1.8262672424316406, 191.31336212158203, 100, 1.0, 20.0, 0.050000000000000003, 15.0, 1
.01, 1.8262615203857422, 191.3130760192871, 100, 1.0, 20.0, 0.050000000000000003, 15.0, 1
.01, 1.826258659362793, 191.31293296813965, 100, 1.0, 20.0, 0.050000000000000003, 15.0, 2
.01, 1.8262600898742676, 191.31300449371338, 100, 1.0, 20.0, 0.050000000000000003, 15.0, 1
.01, 1.8262593746185303, 191.3129687309265, 100, 1.0, 20.0, 0.050000000000000003, 15.0, 2
.01, 1.826259732246399, 191.31298661231995, 100, 1.0, 20.0, 0.050000000000000003, 15.0, 2
.01, 1.8262599110603333, 191.31299555301666, 100, 1.0, 20.0, 0.050000000000000003, 15.0, 1
.01, 1.826259821653366, 191.3129910826683, 100, 1.0, 20.0, 0.050000000000000003, 15.0, 2
.01, 1.8262598663568497, 191.31299331784248, 100, 1.0, 20.0, 0.050000000000000003, 15.0, 3
.01, 1.25, 162.5, 100, 2.0, 19.0, 0.10526315789473684, 15.0, 2
.01, 1.625, 181.25, 100, 2.0, 19.0, 0.10526315789473684, 15.0, 2
.01, 1.8125, 190.625, 100, 2.0, 19.0, 0.10526315789473684, 15.0, 1
.01, 1.71875, 185.9375, 100, 2.0, 19.0, 0.10526315789473684, 15.0, 1
.01, 1.671875, 183.59375, 100, 2.0, 19.0, 0.10526315789473684, 15.0, 2
.01, 1.6953125, 184.765625, 100, 2.0, 19.0, 0.10526315789473684, 15.0, 1
.01, 1.68359375, 184.1796875, 100, 2.0, 19.0, 0.10526315789473684, 15.0, 2
.01, 1.689453125, 184.47265625, 100, 2.0, 19.0, 0.10526315789473684, 15.0, 1
.01, 1.6865234375, 184.326171875, 100, 2.0, 19.0, 0.10526315789473684, 15.0, 2
.01, 1.68798828125, 184.3994140625, 100, 2.0, 19.0, 0.10526315789473684, 15.0, 2
.01, 1.688720703125, 184.43603515625, 100, 2.0, 19.0, 0.10526315789473684, 15.0, 1
.01, 1.6883544921875, 184.417724609375, 100, 2.0, 19.0, 0.10526315789473684, 15.0, 2
.01, 1.68853759765625, 184.4268798828125, 100, 2.0, 19.0, 0.10526315789473684, 15.0, 2
.01, 1.688629150390625, 184.43145751953125, 100, 2.0, 19.0, 0.10526315789473684, 15.0, 2
.01, 1.6886749267578125, 184.43374633789062, 100, 2.0, 19.0, 0.10526315789473684, 15.0, 1
.01, 1.6886520385742188, 184.43260192871094, 100, 2.0, 19.0, 0.10526315789473684, 15.0, 1
.01, 1.6886405944824219, 184.4320297241211, 100, 2.0, 19.0, 0.10526315789473684, 15.0, 2
.01, 1.6886463165283203, 184.43231582641602, 100, 2.0, 19.0, 0.10526315789473684, 15.0, 2
.01, 1.6886491775512695, 184.43245887756348, 100, 2.0, 19.0, 0.10526315789473684, 15.0, 2
.01, 1.6886506080627441, 184.4325304031372, 100, 2.0, 19.0, 0.10526315789473684, 15.0, 1
.01, 1.6886498928070068, 184.43249464035034, 100, 2.0, 19.0, 0.10526315789473684, 15.0, 2
.01, 1.6886502504348755, 184.43251252174377, 100, 2.0, 19.0, 0.10526315789473684, 15.0, 2
.01, 1.6886504292488098, 184.4325214624405, 100, 2.0, 19.0, 0.10526315789473684, 15.0, 2
.01, 1.688650518655777, 184.43252593278885, 100, 2.0, 19.0, 0.10526315789473684, 15.0, 1
.01, 1.6886504739522934, 184.43252369761467, 100, 2.0, 19.0, 0.10526315789473684, 15.0, 3
.01, 1.25, 162.5, 100, 3.0, 18.0, 0.16666666666666666, 15.0, 2
.01, 1.625, 181.25, 100, 3.0, 18.0, 0.16666666666666666, 15.0, 1
.01, 1.4375, 171.875, 100, 3.0, 18.0, 0.16666666666666666, 15.0, 2
.01, 1.53125, 176.5625, 100, 3.0, 18.0, 0.16666666666666666, 15.0, 2
.01, 1.578125, 178.90625, 100, 3.0, 18.0, 0.16666666666666666, 15.0, 2
.01, 1.6015625, 180.078125, 100, 3.0, 18.0, 0.16666666666666666, 15.0, 1
.01, 1.58984375, 179.4921875, 100, 3.0, 18.0, 0.16666666666666666, 15.0, 2
.01, 1.595703125, 179.78515625, 100, 3.0, 18.0, 0.16666666666666666, 15.0, 2
.01, 1.5986328125, 179.931640625, 100, 3.0, 18.0, 0.16666666666666666, 15.0, 1
.01, 1.59716796875, 179.8583984375, 100, 3.0, 18.0, 0.16666666666666666, 15.0, 1
.01, 1.596435546875, 179.82177734375, 100, 3.0, 18.0, 0.16666666666666666, 15.0, 2
.01, 1.5968017578125, 179.840087890625, 100, 3.0, 18.0, 0.16666666666666666, 15.0, 1
.01, 1.59661865234375, 179.8309326171875, 100, 3.0, 18.0, 0.16666666666666666, 15.0, 1
.01, 1.596527099609375, 179.82635498046875, 100, 3.0, 18.0, 0.16666666666666666, 15.0, 1
.01, 1.5964813232421875, 179.82406616210938, 100, 3.0, 18.0, 0.16666666666666666, 15.0, 1
.01, 1.5964584350585938, 179.8229217529297, 100, 3.0, 18.0, 0.16666666666666666, 15.0, 2
.01, 1.5964698791503906, 179.82349395751953, 100, 3.0, 18.0, 0.16666666666666666, 15.0, 2
.01, 1.596475601196289, 179.82378005981445, 100, 3.0, 18.0, 0.16666666666666666, 15.0, 2
.01, 1.5964784622192383, 179.8239231109619, 100, 3.0, 18.0, 0.16666666666666666, 15.0, 1
.01, 1.5964770317077637, 179.82385158538818, 100, 3.0, 18.0, 0.16666666666666666, 15.0, 2
.01, 1.596477746963501, 179.82388734817505, 100, 3.0, 18.0, 0.16666666666666666, 15.0, 2
.01, 1.5964781045913696, 179.82390522956848, 100, 3.0, 18.0, 0.16666666666666666, 15.0, 1
.01, 1.5964779257774353, 179.82389628887177, 100, 3.0, 18.0, 0.16666666666666666, 15.0, 1
.01, 1.5964778363704681, 179.8238918185234, 100, 3.0, 18.0, 0.16666666666666666, 15.0, 1
.01, 1.5964777916669846, 179.82388958334923, 100, 3.0, 18.0, 0.16666666666666666, 15.0, 3
.01, 1.25, 162.5, 100, 4.0, 17.0, 0.23529411764705882, 15.0, 2
.01, 1.625, 181.25, 100, 4.0, 17.0, 0.23529411764705882, 15.0, 1
.01, 1.4375, 171.875, 100, 4.0, 17.0, 0.23529411764705882, 15.0, 2
.01, 1.53125, 176.5625, 100, 4.0, 17.0, 0.23529411764705882, 15.0, 1
.01, 1.484375, 174.21875, 100, 4.0, 17.0, 0.23529411764705882, 15.0, 2
.01, 1.5078125, 175.390625, 100, 4.0, 17.0, 0.23529411764705882, 15.0, 2
.01, 1.51953125, 175.9765625, 100, 4.0, 17.0, 0.23529411764705882, 15.0, 2
.01, 1.525390625, 176.26953125, 100, 4.0, 17.0, 0.23529411764705882, 15.0, 1
.01, 1.5224609375, 176.123046875, 100, 4.0, 17.0, 0.23529411764705882, 15.0, 2
.01, 1.52392578125, 176.1962890625, 100, 4.0, 17.0, 0.23529411764705882, 15.0, 2
.01, 1.524658203125, 176.23291015625, 100, 4.0, 17.0, 0.23529411764705882, 15.0, 2
.01, 1.5250244140625, 176.251220703125, 100, 4.0, 17.0, 0.23529411764705882, 15.0, 1
.01, 1.52484130859375, 176.2420654296875, 100, 4.0, 17.0, 0.23529411764705882, 15.0, 2
.01, 1.524932861328125, 176.24664306640625, 100, 4.0, 17.0, 0.23529411764705882, 15.0, 2
.01, 1.5249786376953125, 176.24893188476562, 100, 4.0, 17.0, 0.23529411764705882, 15.0, 1
.01, 1.5249557495117188, 176.24778747558594, 100, 4.0, 17.0, 0.23529411764705882, 15.0, 2
.01, 1.5249671936035156, 176.24835968017578, 100, 4.0, 17.0, 0.23529411764705882, 15.0, 2
.01, 1.524972915649414, 176.2486457824707, 100, 4.0, 17.0, 0.23529411764705882, 15.0, 1
.01, 1.5249700546264648, 176.24850273132324, 100, 4.0, 17.0, 0.23529411764705882, 15.0, 2
.01, 1.5249714851379395, 176.24857425689697, 100, 4.0, 17.0, 0.23529411764705882, 15.0, 1
.01, 1.5249707698822021, 176.2485384941101, 100, 4.0, 17.0, 0.23529411764705882, 15.0, 2
.01, 1.5249711275100708, 176.24855637550354, 100, 4.0, 17.0, 0.23529411764705882, 15.0, 1
.01, 1.5249709486961365, 176.24854743480682, 100, 4.0, 17.0, 0.23529411764705882, 15.0, 2
.01, 1.5249710381031036, 176.24855190515518, 100, 4.0, 17.0, 0.23529411764705882, 15.0, 2
.01, 1.5249710828065872, 176.24855414032936, 100, 4.0, 17.0, 0.23529411764705882, 15.0, 3
.01, 1.25, 162.5, 100, 5.0, 16.0, 0.3125, 15.0, 2
.01, 1.625, 181.25, 100, 5.0, 16.0, 0.3125, 15.0, 1
.01, 1.4375, 171.875, 100, 5.0, 16.0, 0.3125, 15.0, 2
.01, 1.53125, 176.5625, 100, 5.0, 16.0, 0.3125, 15.0, 1
.01, 1.484375, 174.21875, 100, 5.0, 16.0, 0.3125, 15.0, 1
.01, 1.4609375, 173.046875, 100, 5.0, 16.0, 0.3125, 15.0, 2
.01, 1.47265625, 173.6328125, 100, 5.0, 16.0, 0.3125, 15.0, 1
.01, 1.466796875, 173.33984375, 100, 5.0, 16.0, 0.3125, 15.0, 1
.01, 1.4638671875, 173.193359375, 100, 5.0, 16.0, 0.3125, 15.0, 2
.01, 1.46533203125, 173.2666015625, 100, 5.0, 16.0, 0.3125, 15.0, 1
.01, 1.464599609375, 173.22998046875, 100, 5.0, 16.0, 0.3125, 15.0, 2
.01, 1.4649658203125, 173.248291015625, 100, 5.0, 16.0, 0.3125, 15.0, 2
.01, 1.46514892578125, 173.2574462890625, 100, 5.0, 16.0, 0.3125, 15.0, 2
.01, 1.465240478515625, 173.26202392578125, 100, 5.0, 16.0, 0.3125, 15.0, 2
.01, 1.4652862548828125, 173.26431274414062, 100, 5.0, 16.0, 0.3125, 15.0, 1
.01, 1.4652633666992188, 173.26316833496094, 100, 5.0, 16.0, 0.3125, 15.0, 2
.01, 1.4652748107910156, 173.26374053955078, 100, 5.0, 16.0, 0.3125, 15.0, 2
.01, 1.465280532836914, 173.2640266418457, 100, 5.0, 16.0, 0.3125, 15.0, 2
.01, 1.4652833938598633, 173.26416969299316, 100, 5.0, 16.0, 0.3125, 15.0, 1
.01, 1.4652819633483887, 173.26409816741943, 100, 5.0, 16.0, 0.3125, 15.0, 2
.01, 1.465282678604126, 173.2641339302063, 100, 5.0, 16.0, 0.3125, 15.0, 2
.01, 1.4652830362319946, 173.26415181159973, 100, 5.0, 16.0, 0.3125, 15.0, 1
.01, 1.4652828574180603, 173.26414287090302, 100, 5.0, 16.0, 0.3125, 15.0, 1
.01, 1.4652827680110931, 173.26413840055466, 100, 5.0, 16.0, 0.3125, 15.0, 2
.01, 1.4652828127145767, 173.26414063572884, 100, 5.0, 16.0, 0.3125, 15.0, 3
.01, 1.25, 162.5, 100, 6.0, 15.0, 0.40000000000000002, 15.0, 2
.01, 1.625, 181.25, 100, 6.0, 15.0, 0.40000000000000002, 15.0, 1
.01, 1.4375, 171.875, 100, 6.0, 15.0, 0.40000000000000002, 15.0, 1
.01, 1.34375, 167.1875, 100, 6.0, 15.0, 0.40000000000000002, 15.0, 2
.01, 1.390625, 169.53125, 100, 6.0, 15.0, 0.40000000000000002, 15.0, 2
.01, 1.4140625, 170.703125, 100, 6.0, 15.0, 0.40000000000000002, 15.0, 1
.01, 1.40234375, 170.1171875, 100, 6.0, 15.0, 0.40000000000000002, 15.0, 2
.01, 1.408203125, 170.41015625, 100, 6.0, 15.0, 0.40000000000000002, 15.0, 2
.01, 1.4111328125, 170.556640625, 100, 6.0, 15.0, 0.40000000000000002, 15.0, 2
.01, 1.41259765625, 170.6298828125, 100, 6.0, 15.0, 0.40000000000000002, 15.0, 2
.01, 1.413330078125, 170.66650390625, 100, 6.0, 15.0, 0.40000000000000002, 15.0, 1
.01, 1.4129638671875, 170.648193359375, 100, 6.0, 15.0, 0.40000000000000002, 15.0, 2
.01, 1.41314697265625, 170.6573486328125, 100, 6.0, 15.0, 0.40000000000000002, 15.0, 1
.01, 1.413055419921875, 170.65277099609375, 100, 6.0, 15.0, 0.40000000000000002, 15.0, 2
.01, 1.4131011962890625, 170.65505981445312, 100, 6.0, 15.0, 0.40000000000000002, 15.0, 2
.01, 1.4131240844726562, 170.6562042236328, 100, 6.0, 15.0, 0.40000000000000002, 15.0, 2
.01, 1.4131355285644531, 170.65677642822266, 100, 6.0, 15.0, 0.40000000000000002, 15.0, 2
.01, 1.4131412506103516, 170.65706253051758, 100, 6.0, 15.0, 0.40000000000000002, 15.0, 1
.01, 1.4131383895874023, 170.65691947937012, 100, 6.0, 15.0, 0.40000000000000002, 15.0, 2
.01, 1.413139820098877, 170.65699100494385, 100, 6.0, 15.0, 0.40000000000000002, 15.0, 1
.01, 1.4131391048431396, 170.65695524215698, 100, 6.0, 15.0, 0.40000000000000002, 15.0, 2
.01, 1.4131394624710083, 170.65697312355042, 100, 6.0, 15.0, 0.40000000000000002, 15.0, 1
.01, 1.413139283657074, 170.6569641828537, 100, 6.0, 15.0, 0.40000000000000002, 15.0, 1
.01, 1.4131391942501068, 170.65695971250534, 100, 6.0, 15.0, 0.40000000000000002, 15.0, 2
.01, 1.4131392389535904, 170.65696194767952, 100, 6.0, 15.0, 0.40000000000000002, 15.0, 3
.01, 1.25, 162.5, 100, 7.0, 14.0, 0.5, 15.0, 2
.01, 1.625, 181.25, 100, 7.0, 14.0, 0.5, 15.0, 1
.01, 1.4375, 171.875, 100, 7.0, 14.0, 0.5, 15.0, 1
.01, 1.34375, 167.1875, 100, 7.0, 14.0, 0.5, 15.0, 2
.01, 1.390625, 169.53125, 100, 7.0, 14.0, 0.5, 15.0, 1
.01, 1.3671875, 168.359375, 100, 7.0, 14.0, 0.5, 15.0, 1
.01, 1.35546875, 167.7734375, 100, 7.0, 14.0, 0.5, 15.0, 2
.01, 1.361328125, 168.06640625, 100, 7.0, 14.0, 0.5, 15.0, 2
.01, 1.3642578125, 168.212890625, 100, 7.0, 14.0, 0.5, 15.0, 2
.01, 1.36572265625, 168.2861328125, 100, 7.0, 14.0, 0.5, 15.0, 2
.01, 1.366455078125, 168.32275390625, 100, 7.0, 14.0, 0.5, 15.0, 1
.01, 1.3660888671875, 168.304443359375, 100, 7.0, 14.0, 0.5, 15.0, 2
.01, 1.36627197265625, 168.3135986328125, 100, 7.0, 14.0, 0.5, 15.0, 1
.01, 1.366180419921875, 168.30902099609375, 100, 7.0, 14.0, 0.5, 15.0, 1
.01, 1.3661346435546875, 168.30673217773438, 100, 7.0, 14.0, 0.5, 15.0, 1
.01, 1.3661117553710938, 168.3055877685547, 100, 7.0, 14.0, 0.5, 15.0, 1
.01, 1.3661003112792969, 168.30501556396484, 100, 7.0, 14.0, 0.5, 15.0, 2
.01, 1.3661060333251953, 168.30530166625977, 100, 7.0, 14.0, 0.5, 15.0, 2
.01, 1.3661088943481445, 168.30544471740723, 100, 7.0, 14.0, 0.5, 15.0, 2
.01, 1.3661103248596191, 168.30551624298096, 100, 7.0, 14.0, 0.5, 15.0, 1
.01, 1.3661096096038818, 168.3054804801941, 100, 7.0, 14.0, 0.5, 15.0, 2
.01, 1.3661099672317505, 168.30549836158752, 100, 7.0, 14.0, 0.5, 15.0, 1
.01, 1.3661097884178162, 168.3054894208908, 100, 7.0, 14.0, 0.5, 15.0, 1
.01, 1.366109699010849, 168.30548495054245, 100, 7.0, 14.0, 0.5, 15.0, 1
.01, 1.3661096543073654, 168.30548271536827, 100, 7.0, 14.0, 0.5, 15.0, 3
.01, 1.25, 162.5, 100, 8.0, 13.0, 0.61538461538461542, 15.0, 2
.01, 1.625, 181.25, 100, 8.0, 13.0, 0.61538461538461542, 15.0, 1
.01, 1.4375, 171.875, 100, 8.0, 13.0, 0.61538461538461542, 15.0, 1
.01, 1.34375, 167.1875, 100, 8.0, 13.0, 0.61538461538461542, 15.0, 1
.01, 1.296875, 164.84375, 100, 8.0, 13.0, 0.61538461538461542, 15.0, 2
.01, 1.3203125, 166.015625, 100, 8.0, 13.0, 0.61538461538461542, 15.0, 2
.01, 1.33203125, 166.6015625, 100, 8.0, 13.0, 0.61538461538461542, 15.0, 1
.01, 1.326171875, 166.30859375, 100, 8.0, 13.0, 0.61538461538461542, 15.0, 1
.01, 1.3232421875, 166.162109375, 100, 8.0, 13.0, 0.61538461538461542, 15.0, 1
.01, 1.32177734375, 166.0888671875, 100, 8.0, 13.0, 0.61538461538461542, 15.0, 2
.01, 1.322509765625, 166.12548828125, 100, 8.0, 13.0, 0.61538461538461542, 15.0, 2
.01, 1.3228759765625, 166.143798828125, 100, 8.0, 13.0, 0.61538461538461542, 15.0, 1
.01, 1.32269287109375, 166.1346435546875, 100, 8.0, 13.0, 0.61538461538461542, 15.0, 1
.01, 1.322601318359375, 166.13006591796875, 100, 8.0, 13.0, 0.61538461538461542, 15.0, 2
.01, 1.3226470947265625, 166.13235473632812, 100, 8.0, 13.0, 0.61538461538461542, 15.0, 2
.01, 1.3226699829101562, 166.1334991455078, 100, 8.0, 13.0, 0.61538461538461542, 15.0, 1
.01, 1.3226585388183594, 166.13292694091797, 100, 8.0, 13.0, 0.61538461538461542, 15.0, 1
.01, 1.322652816772461, 166.13264083862305, 100, 8.0, 13.0, 0.61538461538461542, 15.0, 1
.01, 1.3226499557495117, 166.1324977874756, 100, 8.0, 13.0, 0.61538461538461542, 15.0, 2
.01, 1.3226513862609863, 166.13256931304932, 100, 8.0, 13.0, 0.61538461538461542, 15.0, 2
.01, 1.3226521015167236, 166.13260507583618, 100, 8.0, 13.0, 0.61538461538461542, 15.0, 1
.01, 1.322651743888855, 166.13258719444275, 100, 8.0, 13.0, 0.61538461538461542, 15.0, 2
.01, 1.3226519227027893, 166.13259613513947, 100, 8.0, 13.0, 0.61538461538461542, 15.0, 1
.01, 1.3226518332958221, 166.1325916647911, 100, 8.0, 13.0, 0.61538461538461542, 15.0, 1
.01, 1.3226517885923386, 166.13258942961693, 100, 8.0, 13.0, 0.61538461538461542, 15.0, 3
.01, 1.25, 162.5, 100, 9.0, 12.0, 0.75, 15.0, 2
.01, 1.625, 181.25, 100, 9.0, 12.0, 0.75, 15.0, 1
.01, 1.4375, 171.875, 100, 9.0, 12.0, 0.75, 15.0, 1
.01, 1.34375, 167.1875, 100, 9.0, 12.0, 0.75, 15.0, 1
.01, 1.296875, 164.84375, 100, 9.0, 12.0, 0.75, 15.0, 1
.01, 1.2734375, 163.671875, 100, 9.0, 12.0, 0.75, 15.0, 2
.01, 1.28515625, 164.2578125, 100, 9.0, 12.0, 0.75, 15.0, 1
.01, 1.279296875, 163.96484375, 100, 9.0, 12.0, 0.75, 15.0, 2
.01, 1.2822265625, 164.111328125, 100, 9.0, 12.0, 0.75, 15.0, 1
.01, 1.28076171875, 164.0380859375, 100, 9.0, 12.0, 0.75, 15.0, 2
.01, 1.281494140625, 164.07470703125, 100, 9.0, 12.0, 0.75, 15.0, 2
.01, 1.2818603515625, 164.093017578125, 100, 9.0, 12.0, 0.75, 15.0, 1
.01, 1.28167724609375, 164.0838623046875, 100, 9.0, 12.0, 0.75, 15.0, 2
.01, 1.281768798828125, 164.08843994140625, 100, 9.0, 12.0, 0.75, 15.0, 1
.01, 1.2817230224609375, 164.08615112304688, 100, 9.0, 12.0, 0.75, 15.0, 1
.01, 1.2817001342773438, 164.0850067138672, 100, 9.0, 12.0, 0.75, 15.0, 1
.01, 1.2816886901855469, 164.08443450927734, 100, 9.0, 12.0, 0.75, 15.0, 2
.01, 1.2816944122314453, 164.08472061157227, 100, 9.0, 12.0, 0.75, 15.0, 2
.01, 1.2816972732543945, 164.08486366271973, 100, 9.0, 12.0, 0.75, 15.0, 2
.01, 1.2816987037658691, 164.08493518829346, 100, 9.0, 12.0, 0.75, 15.0, 2
.01, 1.2816994190216064, 164.08497095108032, 100, 9.0, 12.0, 0.75, 15.0, 2
.01, 1.281699776649475, 164.08498883247375, 100, 9.0, 12.0, 0.75, 15.0, 2
.01, 1.2816999554634094, 164.08499777317047, 100, 9.0, 12.0, 0.75, 15.0, 2
.01, 1.2817000448703766, 164.08500224351883, 100, 9.0, 12.0, 0.75, 15.0, 1
.01, 1.281700000166893, 164.08500000834465, 100, 9.0, 12.0, 0.75, 15.0, 3
.01, 1.25, 162.5, 100, 10.0, 11.0, 0.90909090909090906, 15.0, 1
.01, 0.875, 143.75, 100, 10.0, 11.0, 0.90909090909090906, 15.0, 2
.01, 1.0625, 153.125, 100, 10.0, 11.0, 0.90909090909090906, 15.0, 2
.01, 1.15625, 157.8125, 100, 10.0, 11.0, 0.90909090909090906, 15.0, 2
.01, 1.203125, 160.15625, 100, 10.0, 11.0, 0.90909090909090906, 15.0, 2
.01, 1.2265625, 161.328125, 100, 10.0, 11.0, 0.90909090909090906, 15.0, 2
.01, 1.23828125, 161.9140625, 100, 10.0, 11.0, 0.90909090909090906, 15.0, 2
.01, 1.244140625, 162.20703125, 100, 10.0, 11.0, 0.90909090909090906, 15.0, 1
.01, 1.2412109375, 162.060546875, 100, 10.0, 11.0, 0.90909090909090906, 15.0, 2
.01, 1.24267578125, 162.1337890625, 100, 10.0, 11.0, 0.90909090909090906, 15.0, 1
.01, 1.241943359375, 162.09716796875, 100, 10.0, 11.0, 0.90909090909090906, 15.0, 2
.01, 1.2423095703125, 162.115478515625, 100, 10.0, 11.0, 0.90909090909090906, 15.0, 2
.01, 1.24249267578125, 162.1246337890625, 100, 10.0, 11.0, 0.90909090909090906, 15.0, 1
.01, 1.242401123046875, 162.12005615234375, 100, 10.0, 11.0, 0.90909090909090906, 15.0, 2
.01, 1.2424468994140625, 162.12234497070312, 100, 10.0, 11.0, 0.90909090909090906, 15.0, 2
.01, 1.2424697875976562, 162.1234893798828, 100, 10.0, 11.0, 0.90909090909090906, 15.0, 1
.01, 1.2424583435058594, 162.12291717529297, 100, 10.0, 11.0, 0.90909090909090906, 15.0, 2
.01, 1.2424640655517578, 162.1232032775879, 100, 10.0, 11.0, 0.90909090909090906, 15.0, 1
.01, 1.2424612045288086, 162.12306022644043, 100, 10.0, 11.0, 0.90909090909090906, 15.0, 1
.01, 1.242459774017334, 162.1229887008667, 100, 10.0, 11.0, 0.90909090909090906, 15.0, 2
.01, 1.2424604892730713, 162.12302446365356, 100, 10.0, 11.0, 0.90909090909090906, 15.0, 1
.01, 1.2424601316452026, 162.12300658226013, 100, 10.0, 11.0, 0.90909090909090906, 15.0, 2
.01, 1.242460310459137, 162.12301552295685, 100, 10.0, 11.0, 0.90909090909090906, 15.0, 2
.01, 1.2424603998661041, 162.1230199933052, 100, 10.0, 11.0, 0.90909090909090906, 15.0, 1
.01, 1.2424603551626205, 162.12301775813103, 100, 10.0, 11.0, 0.90909090909090906, 15.0, 3
.01, 1.25, 162.5, 100, 11.0, 10.0, 1.1000000000000001, 15.0, 1
.01, 0.875, 143.75, 100, 11.0, 10.0, 1.1000000000000001, 15.0, 2
.01, 1.0625, 153.125, 100, 11.0, 10.0, 1.1000000000000001, 15.0, 2
.01, 1.15625, 157.8125, 100, 11.0, 10.0, 1.1000000000000001, 15.0, 2
.01, 1.203125, 160.15625, 100, 11.0, 10.0, 1.1000000000000001, 15.0, 2
.01, 1.2265625, 161.328125, 100, 11.0, 10.0, 1.1000000000000001, 15.0, 1
.01, 1.21484375, 160.7421875, 100, 11.0, 10.0, 1.1000000000000001, 15.0, 1
.01, 1.208984375, 160.44921875, 100, 11.0, 10.0, 1.1000000000000001, 15.0, 1
.01, 1.2060546875, 160.302734375, 100, 11.0, 10.0, 1.1000000000000001, 15.0, 1
.01, 1.20458984375, 160.2294921875, 100, 11.0, 10.0, 1.1000000000000001, 15.0, 1
.01, 1.203857421875, 160.19287109375, 100, 11.0, 10.0, 1.1000000000000001, 15.0, 2
.01, 1.2042236328125, 160.211181640625, 100, 11.0, 10.0, 1.1000000000000001, 15.0, 2
.01, 1.20440673828125, 160.2203369140625, 100, 11.0, 10.0, 1.1000000000000001, 15.0, 1
.01, 1.204315185546875, 160.21575927734375, 100, 11.0, 10.0, 1.1000000000000001, 15.0, 1
.01, 1.2042694091796875, 160.21347045898438, 100, 11.0, 10.0, 1.1000000000000001, 15.0, 2
.01, 1.2042922973632812, 160.21461486816406, 100, 11.0, 10.0, 1.1000000000000001, 15.0, 2
.01, 1.2043037414550781, 160.2151870727539, 100, 11.0, 10.0, 1.1000000000000001, 15.0, 1
.01, 1.2042980194091797, 160.21490097045898, 100, 11.0, 10.0, 1.1000000000000001, 15.0, 1
.01, 1.2042951583862305, 160.21475791931152, 100, 11.0, 10.0, 1.1000000000000001, 15.0, 2
.01, 1.204296588897705, 160.21482944488525, 100, 11.0, 10.0, 1.1000000000000001, 15.0, 1
.01, 1.2042958736419678, 160.2147936820984, 100, 11.0, 10.0, 1.1000000000000001, 15.0, 2
.01, 1.2042962312698364, 160.21481156349182, 100, 11.0, 10.0, 1.1000000000000001, 15.0, 1
.01, 1.204296052455902, 160.2148026227951, 100, 11.0, 10.0, 1.1000000000000001, 15.0, 2
.01, 1.2042961418628693, 160.21480709314346, 100, 11.0, 10.0, 1.1000000000000001, 15.0, 2
.01, 1.2042961865663528, 160.21480932831764, 100, 11.0, 10.0, 1.1000000000000001, 15.0, 3
.01, 1.25, 162.5, 100, 12.0, 9.0, 1.3333333333333333, 15.0, 1
.01, 0.875, 143.75, 100, 12.0, 9.0, 1.3333333333333333, 15.0, 2
.01, 1.0625, 153.125, 100, 12.0, 9.0, 1.3333333333333333, 15.0, 2
.01, 1.15625, 157.8125, 100, 12.0, 9.0, 1.3333333333333333, 15.0, 2
.01, 1.203125, 160.15625, 100, 12.0, 9.0, 1.3333333333333333, 15.0, 1
.01, 1.1796875, 158.984375, 100, 12.0, 9.0, 1.3333333333333333, 15.0, 1
.01, 1.16796875, 158.3984375, 100, 12.0, 9.0, 1.3333333333333333, 15.0, 1
.01, 1.162109375, 158.10546875, 100, 12.0, 9.0, 1.3333333333333333, 15.0, 2
.01, 1.1650390625, 158.251953125, 100, 12.0, 9.0, 1.3333333333333333, 15.0, 2
.01, 1.16650390625, 158.3251953125, 100, 12.0, 9.0, 1.3333333333333333, 15.0, 2
.01, 1.167236328125, 158.36181640625, 100, 12.0, 9.0, 1.3333333333333333, 15.0, 1
.01, 1.1668701171875, 158.343505859375, 100, 12.0, 9.0, 1.3333333333333333, 15.0, 1
.01, 1.16668701171875, 158.3343505859375, 100, 12.0, 9.0, 1.3333333333333333, 15.0, 1
.01, 1.166595458984375, 158.32977294921875, 100, 12.0, 9.0, 1.3333333333333333, 15.0, 2
.01, 1.1666412353515625, 158.33206176757812, 100, 12.0, 9.0, 1.3333333333333333, 15.0, 2
.01, 1.1666641235351562, 158.3332061767578, 100, 12.0, 9.0, 1.3333333333333333, 15.0, 1
.01, 1.1666526794433594, 158.33263397216797, 100, 12.0, 9.0, 1.3333333333333333, 15.0, 2
.01, 1.1666584014892578, 158.3329200744629, 100, 12.0, 9.0, 1.3333333333333333, 15.0, 1
.01, 1.1666555404663086, 158.33277702331543, 100, 12.0, 9.0, 1.3333333333333333, 15.0, 1
.01, 1.166654109954834, 158.3327054977417, 100, 12.0, 9.0, 1.3333333333333333, 15.0, 2
.01, 1.1666548252105713, 158.33274126052856, 100, 12.0, 9.0, 1.3333333333333333, 15.0, 2
.01, 1.16665518283844, 158.332759141922, 100, 12.0, 9.0, 1.3333333333333333, 15.0, 1
.01, 1.1666550040245056, 158.33275020122528, 100, 12.0, 9.0, 1.3333333333333333, 15.0, 2
.01, 1.1666550934314728, 158.33275467157364, 100, 12.0, 9.0, 1.3333333333333333, 15.0, 2
.01, 1.1666551381349564, 158.33275690674782, 100, 12.0, 9.0, 1.3333333333333333, 15.0, 3
.01, 1.25, 162.5, 100, 13.0, 8.0, 1.625, 15.0, 1
.01, 0.875, 143.75, 100, 13.0, 8.0, 1.625, 15.0, 2
.01, 1.0625, 153.125, 100, 13.0, 8.0, 1.625, 15.0, 2
.01, 1.15625, 157.8125, 100, 13.0, 8.0, 1.625, 15.0, 1
.01, 1.109375, 155.46875, 100, 13.0, 8.0, 1.625, 15.0, 2
.01, 1.1328125, 156.640625, 100, 13.0, 8.0, 1.625, 15.0, 1
.01, 1.12109375, 156.0546875, 100, 13.0, 8.0, 1.625, 15.0, 2
.01, 1.126953125, 156.34765625, 100, 13.0, 8.0, 1.625, 15.0, 2
.01, 1.1298828125, 156.494140625, 100, 13.0, 8.0, 1.625, 15.0, 1
.01, 1.12841796875, 156.4208984375, 100, 13.0, 8.0, 1.625, 15.0, 2
.01, 1.129150390625, 156.45751953125, 100, 13.0, 8.0, 1.625, 15.0, 1
.01, 1.1287841796875, 156.439208984375, 100, 13.0, 8.0, 1.625, 15.0, 2
.01, 1.12896728515625, 156.4483642578125, 100, 13.0, 8.0, 1.625, 15.0, 2
.01, 1.129058837890625, 156.45294189453125, 100, 13.0, 8.0, 1.625, 15.0, 1
.01, 1.1290130615234375, 156.45065307617188, 100, 13.0, 8.0, 1.625, 15.0, 2
.01, 1.1290359497070312, 156.45179748535156, 100, 13.0, 8.0, 1.625, 15.0, 1
.01, 1.1290245056152344, 156.45122528076172, 100, 13.0, 8.0, 1.625, 15.0, 1
.01, 1.129018783569336, 156.4509391784668, 100, 13.0, 8.0, 1.625, 15.0, 1
.01, 1.1290159225463867, 156.45079612731934, 100, 13.0, 8.0, 1.625, 15.0, 1
.01, 1.129014492034912, 156.4507246017456, 100, 13.0, 8.0, 1.625, 15.0, 2
.01, 1.1290152072906494, 156.45076036453247, 100, 13.0, 8.0, 1.625, 15.0, 2
.01, 1.129015564918518, 156.4507782459259, 100, 13.0, 8.0, 1.625, 15.0, 2
.01, 1.1290157437324524, 156.45078718662262, 100, 13.0, 8.0, 1.625, 15.0, 1
.01, 1.1290156543254852, 156.45078271627426, 100, 13.0, 8.0, 1.625, 15.0, 2
.01, 1.1290156990289688, 156.45078495144844, 100, 13.0, 8.0, 1.625, 15.0, 3
.01, 1.25, 162.5, 100, 14.0, 7.0, 2.0, 15.0, 1
.01, 0.875, 143.75, 100, 14.0, 7.0, 2.0, 15.0, 2
.01, 1.0625, 153.125, 100, 14.0, 7.0, 2.0, 15.0, 2
.01, 1.15625, 157.8125, 100, 14.0, 7.0, 2.0, 15.0, 1
.01, 1.109375, 155.46875, 100, 14.0, 7.0, 2.0, 15.0, 1
.01, 1.0859375, 154.296875, 100, 14.0, 7.0, 2.0, 15.0, 2
.01, 1.09765625, 154.8828125, 100, 14.0, 7.0, 2.0, 15.0, 1
.01, 1.091796875, 154.58984375, 100, 14.0, 7.0, 2.0, 15.0, 1
.01, 1.0888671875, 154.443359375, 100, 14.0, 7.0, 2.0, 15.0, 2
.01, 1.09033203125, 154.5166015625, 100, 14.0, 7.0, 2.0, 15.0, 2
.01, 1.091064453125, 154.55322265625, 100, 14.0, 7.0, 2.0, 15.0, 1
.01, 1.0906982421875, 154.534912109375, 100, 14.0, 7.0, 2.0, 15.0, 2
.01, 1.09088134765625, 154.5440673828125, 100, 14.0, 7.0, 2.0, 15.0, 1
.01, 1.090789794921875, 154.53948974609375, 100, 14.0, 7.0, 2.0, 15.0, 2
.01, 1.0908355712890625, 154.54177856445312, 100, 14.0, 7.0, 2.0, 15.0, 2
.01, 1.0908584594726562, 154.5429229736328, 100, 14.0, 7.0, 2.0, 15.0, 1
.01, 1.0908470153808594, 154.54235076904297, 100, 14.0, 7.0, 2.0, 15.0, 1
.01, 1.090841293334961, 154.54206466674805, 100, 14.0, 7.0, 2.0, 15.0, 1
.01, 1.0908384323120117, 154.5419216156006, 100, 14.0, 7.0, 2.0, 15.0, 1
.01, 1.090837001800537, 154.54185009002686, 100, 14.0, 7.0, 2.0, 15.0, 1
.01, 1.0908362865447998, 154.54181432724, 100, 14.0, 7.0, 2.0, 15.0, 2
.01, 1.0908366441726685, 154.54183220863342, 100, 14.0, 7.0, 2.0, 15.0, 1
.01, 1.0908364653587341, 154.5418232679367, 100, 14.0, 7.0, 2.0, 15.0, 2
.01, 1.0908365547657013, 154.54182773828506, 100, 14.0, 7.0, 2.0, 15.0, 2
.01, 1.0908365994691849, 154.54182997345924, 100, 14.0, 7.0, 2.0, 15.0, 3
.01, 1.25, 162.5, 100, 15.0, 6.0, 2.5, 15.0, 1
.01, 0.875, 143.75, 100, 15.0, 6.0, 2.5, 15.0, 2
.01, 1.0625, 153.125, 100, 15.0, 6.0, 2.5, 15.0, 1
.01, 0.96875, 148.4375, 100, 15.0, 6.0, 2.5, 15.0, 2
.01, 1.015625, 150.78125, 100, 15.0, 6.0, 2.5, 15.0, 2
.01, 1.0390625, 151.953125, 100, 15.0, 6.0, 2.5, 15.0, 2
.01, 1.05078125, 152.5390625, 100, 15.0, 6.0, 2.5, 15.0, 2
.01, 1.056640625, 152.83203125, 100, 15.0, 6.0, 2.5, 15.0, 1
.01, 1.0537109375, 152.685546875, 100, 15.0, 6.0, 2.5, 15.0, 1
.01, 1.05224609375, 152.6123046875, 100, 15.0, 6.0, 2.5, 15.0, 1
.01, 1.051513671875, 152.57568359375, 100, 15.0, 6.0, 2.5, 15.0, 1
.01, 1.0511474609375, 152.557373046875, 100, 15.0, 6.0, 2.5, 15.0, 2
.01, 1.05133056640625, 152.5665283203125, 100, 15.0, 6.0, 2.5, 15.0, 2
.01, 1.051422119140625, 152.57110595703125, 100, 15.0, 6.0, 2.5, 15.0, 2
.01, 1.0514678955078125, 152.57339477539062, 100, 15.0, 6.0, 2.5, 15.0, 2
.01, 1.0514907836914062, 152.5745391845703, 100, 15.0, 6.0, 2.5, 15.0, 2
.01, 1.0515022277832031, 152.57511138916016, 100, 15.0, 6.0, 2.5, 15.0, 1
.01, 1.0514965057373047, 152.57482528686523, 100, 15.0, 6.0, 2.5, 15.0, 2
.01, 1.051499366760254, 152.5749683380127, 100, 15.0, 6.0, 2.5, 15.0, 1
.01, 1.0514979362487793, 152.57489681243896, 100, 15.0, 6.0, 2.5, 15.0, 2
.01, 1.0514986515045166, 152.57493257522583, 100, 15.0, 6.0, 2.5, 15.0, 2
.01, 1.0514990091323853, 152.57495045661926, 100, 15.0, 6.0, 2.5, 15.0, 2
.01, 1.0514991879463196, 152.57495939731598, 100, 15.0, 6.0, 2.5, 15.0, 2
.01, 1.0514992773532867, 152.57496386766434, 100, 15.0, 6.0, 2.5, 15.0, 2
.01, 1.0514993220567703, 152.57496610283852, 100, 15.0, 6.0, 2.5, 15.0, 3
.01, 1.25, 162.5, 100, 16.0, 5.0, 3.2000000000000002, 15.0, 1
.01, 0.875, 143.75, 100, 16.0, 5.0, 3.2000000000000002, 15.0, 2
.01, 1.0625, 153.125, 100, 16.0, 5.0, 3.2000000000000002, 15.0, 1
.01, 0.96875, 148.4375, 100, 16.0, 5.0, 3.2000000000000002, 15.0, 2
.01, 1.015625, 150.78125, 100, 16.0, 5.0, 3.2000000000000002, 15.0, 1
.01, 0.9921875, 149.609375, 100, 16.0, 5.0, 3.2000000000000002, 15.0, 2
.01, 1.00390625, 150.1953125, 100, 16.0, 5.0, 3.2000000000000002, 15.0, 2
.01, 1.009765625, 150.48828125, 100, 16.0, 5.0, 3.2000000000000002, 15.0, 2
.01, 1.0126953125, 150.634765625, 100, 16.0, 5.0, 3.2000000000000002, 15.0, 1
.01, 1.01123046875, 150.5615234375, 100, 16.0, 5.0, 3.2000000000000002, 15.0, 1
.01, 1.010498046875, 150.52490234375, 100, 16.0, 5.0, 3.2000000000000002, 15.0, 1
.01, 1.0101318359375, 150.506591796875, 100, 16.0, 5.0, 3.2000000000000002, 15.0, 2
.01, 1.01031494140625, 150.5157470703125, 100, 16.0, 5.0, 3.2000000000000002, 15.0, 1
.01, 1.010223388671875, 150.51116943359375, 100, 16.0, 5.0, 3.2000000000000002, 15.0, 1
.01, 1.0101776123046875, 150.50888061523438, 100, 16.0, 5.0, 3.2000000000000002, 15.0, 2
.01, 1.0102005004882812, 150.51002502441406, 100, 16.0, 5.0, 3.2000000000000002, 15.0, 2
.01, 1.0102119445800781, 150.5105972290039, 100, 16.0, 5.0, 3.2000000000000002, 15.0, 2
.01, 1.0102176666259766, 150.51088333129883, 100, 16.0, 5.0, 3.2000000000000002, 15.0, 2
.01, 1.0102205276489258, 150.5110263824463, 100, 16.0, 5.0, 3.2000000000000002, 15.0, 1
.01, 1.0102190971374512, 150.51095485687256, 100, 16.0, 5.0, 3.2000000000000002, 15.0, 2
.01, 1.0102198123931885, 150.51099061965942, 100, 16.0, 5.0, 3.2000000000000002, 15.0, 2
.01, 1.0102201700210571, 150.51100850105286, 100, 16.0, 5.0, 3.2000000000000002, 15.0, 1
.01, 1.0102199912071228, 150.51099956035614, 100, 16.0, 5.0, 3.2000000000000002, 15.0, 1
.01, 1.0102199018001556, 150.51099509000778, 100, 16.0, 5.0, 3.2000000000000002, 15.0, 2
.01, 1.0102199465036392, 150.51099732518196, 100, 16.0, 5.0, 3.2000000000000002, 15.0, 3
.01, 1.25, 162.5, 100, 17.0, 4.0, 4.25, 15.0, 1
.01, 0.875, 143.75, 100, 17.0, 4.0, 4.25, 15.0, 2
.01, 1.0625, 153.125, 100, 17.0, 4.0, 4.25, 15.0, 1
.01, 0.96875, 148.4375, 100, 17.0, 4.0, 4.25, 15.0, 1
.01, 0.921875, 146.09375, 100, 17.0, 4.0, 4.25, 15.0, 2
.01, 0.9453125, 147.265625, 100, 17.0, 4.0, 4.25, 15.0, 2
.01, 0.95703125, 147.8515625, 100, 17.0, 4.0, 4.25, 15.0, 2
.01, 0.962890625, 148.14453125, 100, 17.0, 4.0, 4.25, 15.0, 2
.01, 0.9658203125, 148.291015625, 100, 17.0, 4.0, 4.25, 15.0, 2
.01, 0.96728515625, 148.3642578125, 100, 17.0, 4.0, 4.25, 15.0, 1
.01, 0.966552734375, 148.32763671875, 100, 17.0, 4.0, 4.25, 15.0, 1
.01, 0.9661865234375, 148.309326171875, 100, 17.0, 4.0, 4.25, 15.0, 1
.01, 0.96600341796875, 148.3001708984375, 100, 17.0, 4.0, 4.25, 15.0, 1
.01, 0.965911865234375, 148.29559326171875, 100, 17.0, 4.0, 4.25, 15.0, 1
.01, 0.9658660888671875, 148.29330444335938, 100, 17.0, 4.0, 4.25, 15.0, 2
.01, 0.9658889770507812, 148.29444885253906, 100, 17.0, 4.0, 4.25, 15.0, 2
.01, 0.9659004211425781, 148.2950210571289, 100, 17.0, 4.0, 4.25, 15.0, 1
.01, 0.9658946990966797, 148.29473495483398, 100, 17.0, 4.0, 4.25, 15.0, 1
.01, 0.9658918380737305, 148.29459190368652, 100, 17.0, 4.0, 4.25, 15.0, 2
.01, 0.9658932685852051, 148.29466342926025, 100, 17.0, 4.0, 4.25, 15.0, 1
.01, 0.9658925533294678, 148.2946276664734, 100, 17.0, 4.0, 4.25, 15.0, 1
.01, 0.9658921957015991, 148.29460978507996, 100, 17.0, 4.0, 4.25, 15.0, 1
.01, 0.9658920168876648, 148.29460084438324, 100, 17.0, 4.0, 4.25, 15.0, 2
.01, 0.965892106294632, 148.2946053147316, 100, 17.0, 4.0, 4.25, 15.0, 2
.01, 0.9658921509981155, 148.29460754990578, 100, 17.0, 4.0, 4.25, 15.0, 3
.01, 1.25, 162.5, 100, 18.0, 3.0, 6.0, 15.0, 1
.01, 0.875, 143.75, 100, 18.0, 3.0, 6.0, 15.0, 2
.01, 1.0625, 153.125, 100, 18.0, 3.0, 6.0, 15.0, 1
.01, 0.96875, 148.4375, 100, 18.0, 3.0, 6.0, 15.0, 1
.01, 0.921875, 146.09375, 100, 18.0, 3.0, 6.0, 15.0, 1
.01, 0.8984375, 144.921875, 100, 18.0, 3.0, 6.0, 15.0, 2
.01, 0.91015625, 145.5078125, 100, 18.0, 3.0, 6.0, 15.0, 2
.01, 0.916015625, 145.80078125, 100, 18.0, 3.0, 6.0, 15.0, 2
.01, 0.9189453125, 145.947265625, 100, 18.0, 3.0, 6.0, 15.0, 1
.01, 0.91748046875, 145.8740234375, 100, 18.0, 3.0, 6.0, 15.0, 1
.01, 0.916748046875, 145.83740234375, 100, 18.0, 3.0, 6.0, 15.0, 1
.01, 0.9163818359375, 145.819091796875, 100, 18.0, 3.0, 6.0, 15.0, 2
.01, 0.91656494140625, 145.8282470703125, 100, 18.0, 3.0, 6.0, 15.0, 2
.01, 0.916656494140625, 145.83282470703125, 100, 18.0, 3.0, 6.0, 15.0, 2
.01, 0.9167022705078125, 145.83511352539062, 100, 18.0, 3.0, 6.0, 15.0, 2
.01, 0.9167251586914062, 145.8362579345703, 100, 18.0, 3.0, 6.0, 15.0, 2
.01, 0.9167366027832031, 145.83683013916016, 100, 18.0, 3.0, 6.0, 15.0, 2
.01, 0.9167423248291016, 145.83711624145508, 100, 18.0, 3.0, 6.0, 15.0, 2
.01, 0.9167451858520508, 145.83725929260254, 100, 18.0, 3.0, 6.0, 15.0, 2
.01, 0.9167466163635254, 145.83733081817627, 100, 18.0, 3.0, 6.0, 15.0, 1
.01, 0.9167459011077881, 145.8372950553894, 100, 18.0, 3.0, 6.0, 15.0, 2
.01, 0.9167462587356567, 145.83731293678284, 100, 18.0, 3.0, 6.0, 15.0, 2
.01, 0.9167464375495911, 145.83732187747955, 100, 18.0, 3.0, 6.0, 15.0, 2
.01, 0.9167465269565582, 145.8373263478279, 100, 18.0, 3.0, 6.0, 15.0, 1
.01, 0.9167464822530746, 145.83732411265373, 100, 18.0, 3.0, 6.0, 15.0, 3
.01, 1.25, 162.5, 100, 19.0, 2.0, 9.5, 15.0, 1
.01, 0.875, 143.75, 100, 19.0, 2.0, 9.5, 15.0, 1
.01, 0.6875, 134.375, 100, 19.0, 2.0, 9.5, 15.0, 2
.01, 0.78125, 139.0625, 100, 19.0, 2.0, 9.5, 15.0, 2
.01, 0.828125, 141.40625, 100, 19.0, 2.0, 9.5, 15.0, 2
.01, 0.8515625, 142.578125, 100, 19.0, 2.0, 9.5, 15.0, 2
.01, 0.86328125, 143.1640625, 100, 19.0, 2.0, 9.5, 15.0, 1
.01, 0.857421875, 142.87109375, 100, 19.0, 2.0, 9.5, 15.0, 2
.01, 0.8603515625, 143.017578125, 100, 19.0, 2.0, 9.5, 15.0, 1
.01, 0.85888671875, 142.9443359375, 100, 19.0, 2.0, 9.5, 15.0, 2
.01, 0.859619140625, 142.98095703125, 100, 19.0, 2.0, 9.5, 15.0, 1
.01, 0.8592529296875, 142.962646484375, 100, 19.0, 2.0, 9.5, 15.0, 2
.01, 0.85943603515625, 142.9718017578125, 100, 19.0, 2.0, 9.5, 15.0, 2
.01, 0.859527587890625, 142.97637939453125, 100, 19.0, 2.0, 9.5, 15.0, 1
.01, 0.8594818115234375, 142.97409057617188, 100, 19.0, 2.0, 9.5, 15.0, 1
.01, 0.8594589233398438, 142.9729461669922, 100, 19.0, 2.0, 9.5, 15.0, 1
.01, 0.8594474792480469, 142.97237396240234, 100, 19.0, 2.0, 9.5, 15.0, 1
.01, 0.8594417572021484, 142.97208786010742, 100, 19.0, 2.0, 9.5, 15.0, 1
.01, 0.8594388961791992, 142.97194480895996, 100, 19.0, 2.0, 9.5, 15.0, 1
.01, 0.8594374656677246, 142.97187328338623, 100, 19.0, 2.0, 9.5, 15.0, 1
.01, 0.8594367504119873, 142.97183752059937, 100, 19.0, 2.0, 9.5, 15.0, 1
.01, 0.8594363927841187, 142.97181963920593, 100, 19.0, 2.0, 9.5, 15.0, 2
.01, 0.859436571598053, 142.97182857990265, 100, 19.0, 2.0, 9.5, 15.0, 2
.01, 0.8594366610050201, 142.971833050251, 100, 19.0, 2.0, 9.5, 15.0, 2
.01, 0.8594367057085037, 142.9718352854252, 100, 19.0, 2.0, 9.5, 15.0, 3
.01, 1.25, 162.5, 100, 20.0, 1.0, 20.0, 15.0, 1
.01, 0.875, 143.75, 100, 20.0, 1.0, 20.0, 15.0, 1
.01, 0.6875, 134.375, 100, 20.0, 1.0, 20.0, 15.0, 2
.01, 0.78125, 139.0625, 100, 20.0, 1.0, 20.0, 15.0, 2
.01, 0.828125, 141.40625, 100, 20.0, 1.0, 20.0, 15.0, 1
.01, 0.8046875, 140.234375, 100, 20.0, 1.0, 20.0, 15.0, 1
.01, 0.79296875, 139.6484375, 100, 20.0, 1.0, 20.0, 15.0, 1
.01, 0.787109375, 139.35546875, 100, 20.0, 1.0, 20.0, 15.0, 1
.01, 0.7841796875, 139.208984375, 100, 20.0, 1.0, 20.0, 15.0, 2
.01, 0.78564453125, 139.2822265625, 100, 20.0, 1.0, 20.0, 15.0, 1
.01, 0.784912109375, 139.24560546875, 100, 20.0, 1.0, 20.0, 15.0, 2
.01, 0.7852783203125, 139.263916015625, 100, 20.0, 1.0, 20.0, 15.0, 2
.01, 0.78546142578125, 139.2730712890625, 100, 20.0, 1.0, 20.0, 15.0, 2
.01, 0.785552978515625, 139.27764892578125, 100, 20.0, 1.0, 20.0, 15.0, 1
.01, 0.7855072021484375, 139.27536010742188, 100, 20.0, 1.0, 20.0, 15.0, 2
.01, 0.7855300903320312, 139.27650451660156, 100, 20.0, 1.0, 20.0, 15.0, 1
.01, 0.7855186462402344, 139.27593231201172, 100, 20.0, 1.0, 20.0, 15.0, 1
.01, 0.7855129241943359, 139.2756462097168, 100, 20.0, 1.0, 20.0, 15.0, 2
.01, 0.7855157852172852, 139.27578926086426, 100, 20.0, 1.0, 20.0, 15.0, 1
.01, 0.7855143547058105, 139.27571773529053, 100, 20.0, 1.0, 20.0, 15.0, 2
.01, 0.7855150699615479, 139.2757534980774, 100, 20.0, 1.0, 20.0, 15.0, 2
.01, 0.7855154275894165, 139.27577137947083, 100, 20.0, 1.0, 20.0, 15.0, 1
.01, 0.7855152487754822, 139.2757624387741, 100, 20.0, 1.0, 20.0, 15.0, 1
.01, 0.785515159368515, 139.27575796842575, 100, 20.0, 1.0, 20.0, 15.0, 2
.01, 0.7855152040719986, 139.27576020359993, 100, 20.0, 1.0, 20.0, 15.0, 3
