epsilon, alpha, pop1, pop2, dif1, dif2, difratio, blobsize, winner
.01, 1.25, 162.5, 100, 1.0, 20.0, 0.050000000000000003, 21.0, 2
.01, 1.625, 181.25, 100, 1.0, 20.0, 0.050000000000000003, 21.0, 2
.01, 1.8125, 190.625, 100, 1.0, 20.0, 0.050000000000000003, 21.0, 1
.01, 1.71875, 185.9375, 100, 1.0, 20.0, 0.050000000000000003, 21.0, 2
.01, 1.765625, 188.28125, 100, 1.0, 20.0, 0.050000000000000003, 21.0, 1
.01, 1.7421875, 187.109375, 100, 1.0, 20.0, 0.050000000000000003, 21.0, 2
.01, 1.75390625, 187.6953125, 100, 1.0, 20.0, 0.050000000000000003, 21.0, 1
.01, 1.748046875, 187.40234375, 100, 1.0, 20.0, 0.050000000000000003, 21.0, 2
.01, 1.7509765625, 187.548828125, 100, 1.0, 20.0, 0.050000000000000003, 21.0, 1
.01, 1.74951171875, 187.4755859375, 100, 1.0, 20.0, 0.050000000000000003, 21.0, 2
.01, 1.750244140625, 187.51220703125, 100, 1.0, 20.0, 0.050000000000000003, 21.0, 2
.01, 1.7506103515625, 187.530517578125, 100, 1.0, 20.0, 0.050000000000000003, 21.0, 1
.01, 1.75042724609375, 187.5213623046875, 100, 1.0, 20.0, 0.050000000000000003, 21.0, 2
.01, 1.750518798828125, 187.52593994140625, 100, 1.0, 20.0, 0.050000000000000003, 21.0, 1
.01, 1.7504730224609375, 187.52365112304688, 100, 1.0, 20.0, 0.050000000000000003, 21.0, 1
.01, 1.7504501342773438, 187.5225067138672, 100, 1.0, 20.0, 0.050000000000000003, 21.0, 2
.01, 1.7504615783691406, 187.52307891845703, 100, 1.0, 20.0, 0.050000000000000003, 21.0, 1
.01, 1.7504558563232422, 187.5227928161621, 100, 1.0, 20.0, 0.050000000000000003, 21.0, 2
.01, 1.7504587173461914, 187.52293586730957, 100, 1.0, 20.0, 0.050000000000000003, 21.0, 2
.01, 1.750460147857666, 187.5230073928833, 100, 1.0, 20.0, 0.050000000000000003, 21.0, 2
.01, 1.7504608631134033, 187.52304315567017, 100, 1.0, 20.0, 0.050000000000000003, 21.0, 2
.01, 1.750461220741272, 187.5230610370636, 100, 1.0, 20.0, 0.050000000000000003, 21.0, 1
.01, 1.7504610419273376, 187.52305209636688, 100, 1.0, 20.0, 0.050000000000000003, 21.0, 2
.01, 1.7504611313343048, 187.52305656671524, 100, 1.0, 20.0, 0.050000000000000003, 21.0, 1
.01, 1.7504610866308212, 187.52305433154106, 100, 1.0, 20.0, 0.050000000000000003, 21.0, 3
.01, 1.25, 162.5, 100, 2.0, 19.0, 0.10526315789473684, 21.0, 2
.01, 1.625, 181.25, 100, 2.0, 19.0, 0.10526315789473684, 21.0, 1
.01, 1.4375, 171.875, 100, 2.0, 19.0, 0.10526315789473684, 21.0, 2
.01, 1.53125, 176.5625, 100, 2.0, 19.0, 0.10526315789473684, 21.0, 2
.01, 1.578125, 178.90625, 100, 2.0, 19.0, 0.10526315789473684, 21.0, 2
.01, 1.6015625, 180.078125, 100, 2.0, 19.0, 0.10526315789473684, 21.0, 2
.01, 1.61328125, 180.6640625, 100, 2.0, 19.0, 0.10526315789473684, 21.0, 2
.01, 1.619140625, 180.95703125, 100, 2.0, 19.0, 0.10526315789473684, 21.0, 1
.01, 1.6162109375, 180.810546875, 100, 2.0, 19.0, 0.10526315789473684, 21.0, 1
.01, 1.61474609375, 180.7373046875, 100, 2.0, 19.0, 0.10526315789473684, 21.0, 2
.01, 1.615478515625, 180.77392578125, 100, 2.0, 19.0, 0.10526315789473684, 21.0, 1
.01, 1.6151123046875, 180.755615234375, 100, 2.0, 19.0, 0.10526315789473684, 21.0, 2
.01, 1.61529541015625, 180.7647705078125, 100, 2.0, 19.0, 0.10526315789473684, 21.0, 1
.01, 1.615203857421875, 180.76019287109375, 100, 2.0, 19.0, 0.10526315789473684, 21.0, 1
.01, 1.6151580810546875, 180.75790405273438, 100, 2.0, 19.0, 0.10526315789473684, 21.0, 1
.01, 1.6151351928710938, 180.7567596435547, 100, 2.0, 19.0, 0.10526315789473684, 21.0, 2
.01, 1.6151466369628906, 180.75733184814453, 100, 2.0, 19.0, 0.10526315789473684, 21.0, 2
.01, 1.615152359008789, 180.75761795043945, 100, 2.0, 19.0, 0.10526315789473684, 21.0, 2
.01, 1.6151552200317383, 180.7577610015869, 100, 2.0, 19.0, 0.10526315789473684, 21.0, 1
.01, 1.6151537895202637, 180.75768947601318, 100, 2.0, 19.0, 0.10526315789473684, 21.0, 1
.01, 1.6151530742645264, 180.75765371322632, 100, 2.0, 19.0, 0.10526315789473684, 21.0, 2
.01, 1.615153431892395, 180.75767159461975, 100, 2.0, 19.0, 0.10526315789473684, 21.0, 1
.01, 1.6151532530784607, 180.75766265392303, 100, 2.0, 19.0, 0.10526315789473684, 21.0, 2
.01, 1.6151533424854279, 180.7576671242714, 100, 2.0, 19.0, 0.10526315789473684, 21.0, 1
.01, 1.6151532977819443, 180.7576648890972, 100, 2.0, 19.0, 0.10526315789473684, 21.0, 3
.01, 1.25, 162.5, 100, 3.0, 18.0, 0.16666666666666666, 21.0, 2
.01, 1.625, 181.25, 100, 3.0, 18.0, 0.16666666666666666, 21.0, 1
.01, 1.4375, 171.875, 100, 3.0, 18.0, 0.16666666666666666, 21.0, 2
.01, 1.53125, 176.5625, 100, 3.0, 18.0, 0.16666666666666666, 21.0, 1
.01, 1.484375, 174.21875, 100, 3.0, 18.0, 0.16666666666666666, 21.0, 2
.01, 1.5078125, 175.390625, 100, 3.0, 18.0, 0.16666666666666666, 21.0, 2
.01, 1.51953125, 175.9765625, 100, 3.0, 18.0, 0.16666666666666666, 21.0, 2
.01, 1.525390625, 176.26953125, 100, 3.0, 18.0, 0.16666666666666666, 21.0, 1
.01, 1.5224609375, 176.123046875, 100, 3.0, 18.0, 0.16666666666666666, 21.0, 2
.01, 1.52392578125, 176.1962890625, 100, 3.0, 18.0, 0.16666666666666666, 21.0, 2
.01, 1.524658203125, 176.23291015625, 100, 3.0, 18.0, 0.16666666666666666, 21.0, 1
.01, 1.5242919921875, 176.214599609375, 100, 3.0, 18.0, 0.16666666666666666, 21.0, 2
.01, 1.52447509765625, 176.2237548828125, 100, 3.0, 18.0, 0.16666666666666666, 21.0, 1
.01, 1.524383544921875, 176.21917724609375, 100, 3.0, 18.0, 0.16666666666666666, 21.0, 1
.01, 1.5243377685546875, 176.21688842773438, 100, 3.0, 18.0, 0.16666666666666666, 21.0, 2
.01, 1.5243606567382812, 176.21803283691406, 100, 3.0, 18.0, 0.16666666666666666, 21.0, 2
.01, 1.5243721008300781, 176.2186050415039, 100, 3.0, 18.0, 0.16666666666666666, 21.0, 1
.01, 1.5243663787841797, 176.21831893920898, 100, 3.0, 18.0, 0.16666666666666666, 21.0, 1
.01, 1.5243635177612305, 176.21817588806152, 100, 3.0, 18.0, 0.16666666666666666, 21.0, 2
.01, 1.524364948272705, 176.21824741363525, 100, 3.0, 18.0, 0.16666666666666666, 21.0, 1
.01, 1.5243642330169678, 176.2182116508484, 100, 3.0, 18.0, 0.16666666666666666, 21.0, 1
.01, 1.5243638753890991, 176.21819376945496, 100, 3.0, 18.0, 0.16666666666666666, 21.0, 1
.01, 1.5243636965751648, 176.21818482875824, 100, 3.0, 18.0, 0.16666666666666666, 21.0, 2
.01, 1.524363785982132, 176.2181892991066, 100, 3.0, 18.0, 0.16666666666666666, 21.0, 1
.01, 1.5243637412786484, 176.21818706393242, 100, 3.0, 18.0, 0.16666666666666666, 21.0, 3
.01, 1.25, 162.5, 100, 4.0, 17.0, 0.23529411764705882, 21.0, 2
.01, 1.625, 181.25, 100, 4.0, 17.0, 0.23529411764705882, 21.0, 1
.01, 1.4375, 171.875, 100, 4.0, 17.0, 0.23529411764705882, 21.0, 2
.01, 1.53125, 176.5625, 100, 4.0, 17.0, 0.23529411764705882, 21.0, 1
.01, 1.484375, 174.21875, 100, 4.0, 17.0, 0.23529411764705882, 21.0, 1
.01, 1.4609375, 173.046875, 100, 4.0, 17.0, 0.23529411764705882, 21.0, 1
.01, 1.44921875, 172.4609375, 100, 4.0, 17.0, 0.23529411764705882, 21.0, 2
.01, 1.455078125, 172.75390625, 100, 4.0, 17.0, 0.23529411764705882, 21.0, 1
.01, 1.4521484375, 172.607421875, 100, 4.0, 17.0, 0.23529411764705882, 21.0, 2
.01, 1.45361328125, 172.6806640625, 100, 4.0, 17.0, 0.23529411764705882, 21.0, 2
.01, 1.454345703125, 172.71728515625, 100, 4.0, 17.0, 0.23529411764705882, 21.0, 1
.01, 1.4539794921875, 172.698974609375, 100, 4.0, 17.0, 0.23529411764705882, 21.0, 1
.01, 1.45379638671875, 172.6898193359375, 100, 4.0, 17.0, 0.23529411764705882, 21.0, 2
.01, 1.453887939453125, 172.69439697265625, 100, 4.0, 17.0, 0.23529411764705882, 21.0, 2
.01, 1.4539337158203125, 172.69668579101562, 100, 4.0, 17.0, 0.23529411764705882, 21.0, 2
.01, 1.4539566040039062, 172.6978302001953, 100, 4.0, 17.0, 0.23529411764705882, 21.0, 1
.01, 1.4539451599121094, 172.69725799560547, 100, 4.0, 17.0, 0.23529411764705882, 21.0, 1
.01, 1.453939437866211, 172.69697189331055, 100, 4.0, 17.0, 0.23529411764705882, 21.0, 1
.01, 1.4539365768432617, 172.6968288421631, 100, 4.0, 17.0, 0.23529411764705882, 21.0, 2
.01, 1.4539380073547363, 172.69690036773682, 100, 4.0, 17.0, 0.23529411764705882, 21.0, 1
.01, 1.453937292098999, 172.69686460494995, 100, 4.0, 17.0, 0.23529411764705882, 21.0, 2
.01, 1.4539376497268677, 172.69688248634338, 100, 4.0, 17.0, 0.23529411764705882, 21.0, 1
.01, 1.4539374709129333, 172.69687354564667, 100, 4.0, 17.0, 0.23529411764705882, 21.0, 1
.01, 1.4539373815059662, 172.6968690752983, 100, 4.0, 17.0, 0.23529411764705882, 21.0, 1
.01, 1.4539373368024826, 172.69686684012413, 100, 4.0, 17.0, 0.23529411764705882, 21.0, 3
.01, 1.25, 162.5, 100, 5.0, 16.0, 0.3125, 21.0, 2
.01, 1.625, 181.25, 100, 5.0, 16.0, 0.3125, 21.0, 1
.01, 1.4375, 171.875, 100, 5.0, 16.0, 0.3125, 21.0, 1
.01, 1.34375, 167.1875, 100, 5.0, 16.0, 0.3125, 21.0, 2
.01, 1.390625, 169.53125, 100, 5.0, 16.0, 0.3125, 21.0, 2
.01, 1.4140625, 170.703125, 100, 5.0, 16.0, 0.3125, 21.0, 1
.01, 1.40234375, 170.1171875, 100, 5.0, 16.0, 0.3125, 21.0, 1
.01, 1.396484375, 169.82421875, 100, 5.0, 16.0, 0.3125, 21.0, 1
.01, 1.3935546875, 169.677734375, 100, 5.0, 16.0, 0.3125, 21.0, 2
.01, 1.39501953125, 169.7509765625, 100, 5.0, 16.0, 0.3125, 21.0, 2
.01, 1.395751953125, 169.78759765625, 100, 5.0, 16.0, 0.3125, 21.0, 1
.01, 1.3953857421875, 169.769287109375, 100, 5.0, 16.0, 0.3125, 21.0, 1
.01, 1.39520263671875, 169.7601318359375, 100, 5.0, 16.0, 0.3125, 21.0, 2
.01, 1.395294189453125, 169.76470947265625, 100, 5.0, 16.0, 0.3125, 21.0, 1
.01, 1.3952484130859375, 169.76242065429688, 100, 5.0, 16.0, 0.3125, 21.0, 1
.01, 1.3952255249023438, 169.7612762451172, 100, 5.0, 16.0, 0.3125, 21.0, 1
.01, 1.3952140808105469, 169.76070404052734, 100, 5.0, 16.0, 0.3125, 21.0, 1
.01, 1.3952083587646484, 169.76041793823242, 100, 5.0, 16.0, 0.3125, 21.0, 2
.01, 1.3952112197875977, 169.76056098937988, 100, 5.0, 16.0, 0.3125, 21.0, 1
.01, 1.395209789276123, 169.76048946380615, 100, 5.0, 16.0, 0.3125, 21.0, 1
.01, 1.3952090740203857, 169.7604537010193, 100, 5.0, 16.0, 0.3125, 21.0, 2
.01, 1.3952094316482544, 169.76047158241272, 100, 5.0, 16.0, 0.3125, 21.0, 2
.01, 1.3952096104621887, 169.76048052310944, 100, 5.0, 16.0, 0.3125, 21.0, 1
.01, 1.3952095210552216, 169.76047605276108, 100, 5.0, 16.0, 0.3125, 21.0, 1
.01, 1.395209476351738, 169.7604738175869, 100, 5.0, 16.0, 0.3125, 21.0, 3
.01, 1.25, 162.5, 100, 6.0, 15.0, 0.40000000000000002, 21.0, 2
.01, 1.625, 181.25, 100, 6.0, 15.0, 0.40000000000000002, 21.0, 1
.01, 1.4375, 171.875, 100, 6.0, 15.0, 0.40000000000000002, 21.0, 1
.01, 1.34375, 167.1875, 100, 6.0, 15.0, 0.40000000000000002, 21.0, 2
.01, 1.390625, 169.53125, 100, 6.0, 15.0, 0.40000000000000002, 21.0, 1
.01, 1.3671875, 168.359375, 100, 6.0, 15.0, 0.40000000000000002, 21.0, 1
.01, 1.35546875, 167.7734375, 100, 6.0, 15.0, 0.40000000000000002, 21.0, 1
.01, 1.349609375, 167.48046875, 100, 6.0, 15.0, 0.40000000000000002, 21.0, 1
.01, 1.3466796875, 167.333984375, 100, 6.0, 15.0, 0.40000000000000002, 21.0, 1
.01, 1.34521484375, 167.2607421875, 100, 6.0, 15.0, 0.40000000000000002, 21.0, 1
.01, 1.344482421875, 167.22412109375, 100, 6.0, 15.0, 0.40000000000000002, 21.0, 1
.01, 1.3441162109375, 167.205810546875, 100, 6.0, 15.0, 0.40000000000000002, 21.0, 1
.01, 1.34393310546875, 167.1966552734375, 100, 6.0, 15.0, 0.40000000000000002, 21.0, 2
.01, 1.344024658203125, 167.20123291015625, 100, 6.0, 15.0, 0.40000000000000002, 21.0, 1
.01, 1.3439788818359375, 167.19894409179688, 100, 6.0, 15.0, 0.40000000000000002, 21.0, 2
.01, 1.3440017700195312, 167.20008850097656, 100, 6.0, 15.0, 0.40000000000000002, 21.0, 1
.01, 1.3439903259277344, 167.19951629638672, 100, 6.0, 15.0, 0.40000000000000002, 21.0, 1
.01, 1.343984603881836, 167.1992301940918, 100, 6.0, 15.0, 0.40000000000000002, 21.0, 2
.01, 1.3439874649047852, 167.19937324523926, 100, 6.0, 15.0, 0.40000000000000002, 21.0, 1
.01, 1.3439860343933105, 167.19930171966553, 100, 6.0, 15.0, 0.40000000000000002, 21.0, 1
.01, 1.3439853191375732, 167.19926595687866, 100, 6.0, 15.0, 0.40000000000000002, 21.0, 1
.01, 1.3439849615097046, 167.19924807548523, 100, 6.0, 15.0, 0.40000000000000002, 21.0, 2
.01, 1.343985140323639, 167.19925701618195, 100, 6.0, 15.0, 0.40000000000000002, 21.0, 2
.01, 1.343985229730606, 167.1992614865303, 100, 6.0, 15.0, 0.40000000000000002, 21.0, 2
.01, 1.3439852744340897, 167.19926372170448, 100, 6.0, 15.0, 0.40000000000000002, 21.0, 3
.01, 1.25, 162.5, 100, 7.0, 14.0, 0.5, 21.0, 2
.01, 1.625, 181.25, 100, 7.0, 14.0, 0.5, 21.0, 1
.01, 1.4375, 171.875, 100, 7.0, 14.0, 0.5, 21.0, 1
.01, 1.34375, 167.1875, 100, 7.0, 14.0, 0.5, 21.0, 1
.01, 1.296875, 164.84375, 100, 7.0, 14.0, 0.5, 21.0, 2
.01, 1.3203125, 166.015625, 100, 7.0, 14.0, 0.5, 21.0, 1
.01, 1.30859375, 165.4296875, 100, 7.0, 14.0, 0.5, 21.0, 1
.01, 1.302734375, 165.13671875, 100, 7.0, 14.0, 0.5, 21.0, 1
.01, 1.2998046875, 164.990234375, 100, 7.0, 14.0, 0.5, 21.0, 1
.01, 1.29833984375, 164.9169921875, 100, 7.0, 14.0, 0.5, 21.0, 1
.01, 1.297607421875, 164.88037109375, 100, 7.0, 14.0, 0.5, 21.0, 2
.01, 1.2979736328125, 164.898681640625, 100, 7.0, 14.0, 0.5, 21.0, 1
.01, 1.29779052734375, 164.8895263671875, 100, 7.0, 14.0, 0.5, 21.0, 2
.01, 1.297882080078125, 164.89410400390625, 100, 7.0, 14.0, 0.5, 21.0, 1
.01, 1.2978363037109375, 164.89181518554688, 100, 7.0, 14.0, 0.5, 21.0, 2
.01, 1.2978591918945312, 164.89295959472656, 100, 7.0, 14.0, 0.5, 21.0, 2
.01, 1.2978706359863281, 164.8935317993164, 100, 7.0, 14.0, 0.5, 21.0, 2
.01, 1.2978763580322266, 164.89381790161133, 100, 7.0, 14.0, 0.5, 21.0, 1
.01, 1.2978734970092773, 164.89367485046387, 100, 7.0, 14.0, 0.5, 21.0, 2
.01, 1.297874927520752, 164.8937463760376, 100, 7.0, 14.0, 0.5, 21.0, 2
.01, 1.2978756427764893, 164.89378213882446, 100, 7.0, 14.0, 0.5, 21.0, 2
.01, 1.297876000404358, 164.8938000202179, 100, 7.0, 14.0, 0.5, 21.0, 1
.01, 1.2978758215904236, 164.89379107952118, 100, 7.0, 14.0, 0.5, 21.0, 1
.01, 1.2978757321834564, 164.89378660917282, 100, 7.0, 14.0, 0.5, 21.0, 2
.01, 1.29787577688694, 164.893788844347, 100, 7.0, 14.0, 0.5, 21.0, 3
.01, 1.25, 162.5, 100, 8.0, 13.0, 0.61538461538461542, 21.0, 2
.01, 1.625, 181.25, 100, 8.0, 13.0, 0.61538461538461542, 21.0, 1
.01, 1.4375, 171.875, 100, 8.0, 13.0, 0.61538461538461542, 21.0, 1
.01, 1.34375, 167.1875, 100, 8.0, 13.0, 0.61538461538461542, 21.0, 1
.01, 1.296875, 164.84375, 100, 8.0, 13.0, 0.61538461538461542, 21.0, 1
.01, 1.2734375, 163.671875, 100, 8.0, 13.0, 0.61538461538461542, 21.0, 1
.01, 1.26171875, 163.0859375, 100, 8.0, 13.0, 0.61538461538461542, 21.0, 1
.01, 1.255859375, 162.79296875, 100, 8.0, 13.0, 0.61538461538461542, 21.0, 1
.01, 1.2529296875, 162.646484375, 100, 8.0, 13.0, 0.61538461538461542, 21.0, 2
.01, 1.25439453125, 162.7197265625, 100, 8.0, 13.0, 0.61538461538461542, 21.0, 2
.01, 1.255126953125, 162.75634765625, 100, 8.0, 13.0, 0.61538461538461542, 21.0, 2
.01, 1.2554931640625, 162.774658203125, 100, 8.0, 13.0, 0.61538461538461542, 21.0, 1
.01, 1.25531005859375, 162.7655029296875, 100, 8.0, 13.0, 0.61538461538461542, 21.0, 2
.01, 1.255401611328125, 162.77008056640625, 100, 8.0, 13.0, 0.61538461538461542, 21.0, 1
.01, 1.2553558349609375, 162.76779174804688, 100, 8.0, 13.0, 0.61538461538461542, 21.0, 2
.01, 1.2553787231445312, 162.76893615722656, 100, 8.0, 13.0, 0.61538461538461542, 21.0, 1
.01, 1.2553672790527344, 162.76836395263672, 100, 8.0, 13.0, 0.61538461538461542, 21.0, 1
.01, 1.255361557006836, 162.7680778503418, 100, 8.0, 13.0, 0.61538461538461542, 21.0, 2
.01, 1.2553644180297852, 162.76822090148926, 100, 8.0, 13.0, 0.61538461538461542, 21.0, 1
.01, 1.2553629875183105, 162.76814937591553, 100, 8.0, 13.0, 0.61538461538461542, 21.0, 2
.01, 1.2553637027740479, 162.7681851387024, 100, 8.0, 13.0, 0.61538461538461542, 21.0, 2
.01, 1.2553640604019165, 162.76820302009583, 100, 8.0, 13.0, 0.61538461538461542, 21.0, 2
.01, 1.2553642392158508, 162.76821196079254, 100, 8.0, 13.0, 0.61538461538461542, 21.0, 2
.01, 1.255364328622818, 162.7682164311409, 100, 8.0, 13.0, 0.61538461538461542, 21.0, 1
.01, 1.2553642839193344, 162.76821419596672, 100, 8.0, 13.0, 0.61538461538461542, 21.0, 3
.01, 1.25, 162.5, 100, 9.0, 12.0, 0.75, 21.0, 1
.01, 0.875, 143.75, 100, 9.0, 12.0, 0.75, 21.0, 2
.01, 1.0625, 153.125, 100, 9.0, 12.0, 0.75, 21.0, 2
.01, 1.15625, 157.8125, 100, 9.0, 12.0, 0.75, 21.0, 2
.01, 1.203125, 160.15625, 100, 9.0, 12.0, 0.75, 21.0, 2
.01, 1.2265625, 161.328125, 100, 9.0, 12.0, 0.75, 21.0, 1
.01, 1.21484375, 160.7421875, 100, 9.0, 12.0, 0.75, 21.0, 2
.01, 1.220703125, 161.03515625, 100, 9.0, 12.0, 0.75, 21.0, 1
.01, 1.2177734375, 160.888671875, 100, 9.0, 12.0, 0.75, 21.0, 1
.01, 1.21630859375, 160.8154296875, 100, 9.0, 12.0, 0.75, 21.0, 1
.01, 1.215576171875, 160.77880859375, 100, 9.0, 12.0, 0.75, 21.0, 1
.01, 1.2152099609375, 160.760498046875, 100, 9.0, 12.0, 0.75, 21.0, 2
.01, 1.21539306640625, 160.7696533203125, 100, 9.0, 12.0, 0.75, 21.0, 2
.01, 1.215484619140625, 160.77423095703125, 100, 9.0, 12.0, 0.75, 21.0, 1
.01, 1.2154388427734375, 160.77194213867188, 100, 9.0, 12.0, 0.75, 21.0, 1
.01, 1.2154159545898438, 160.7707977294922, 100, 9.0, 12.0, 0.75, 21.0, 1
.01, 1.2154045104980469, 160.77022552490234, 100, 9.0, 12.0, 0.75, 21.0, 1
.01, 1.2153987884521484, 160.76993942260742, 100, 9.0, 12.0, 0.75, 21.0, 2
.01, 1.2154016494750977, 160.77008247375488, 100, 9.0, 12.0, 0.75, 21.0, 2
.01, 1.2154030799865723, 160.7701539993286, 100, 9.0, 12.0, 0.75, 21.0, 2
.01, 1.2154037952423096, 160.77018976211548, 100, 9.0, 12.0, 0.75, 21.0, 2
.01, 1.2154041528701782, 160.7702076435089, 100, 9.0, 12.0, 0.75, 21.0, 1
.01, 1.215403974056244, 160.7701987028122, 100, 9.0, 12.0, 0.75, 21.0, 1
.01, 1.2154038846492767, 160.77019423246384, 100, 9.0, 12.0, 0.75, 21.0, 1
.01, 1.2154038399457932, 160.77019199728966, 100, 9.0, 12.0, 0.75, 21.0, 3
.01, 1.25, 162.5, 100, 10.0, 11.0, 0.90909090909090906, 21.0, 1
.01, 0.875, 143.75, 100, 10.0, 11.0, 0.90909090909090906, 21.0, 2
.01, 1.0625, 153.125, 100, 10.0, 11.0, 0.90909090909090906, 21.0, 2
.01, 1.15625, 157.8125, 100, 10.0, 11.0, 0.90909090909090906, 21.0, 2
.01, 1.203125, 160.15625, 100, 10.0, 11.0, 0.90909090909090906, 21.0, 1
.01, 1.1796875, 158.984375, 100, 10.0, 11.0, 0.90909090909090906, 21.0, 1
.01, 1.16796875, 158.3984375, 100, 10.0, 11.0, 0.90909090909090906, 21.0, 2
.01, 1.173828125, 158.69140625, 100, 10.0, 11.0, 0.90909090909090906, 21.0, 2
.01, 1.1767578125, 158.837890625, 100, 10.0, 11.0, 0.90909090909090906, 21.0, 2
.01, 1.17822265625, 158.9111328125, 100, 10.0, 11.0, 0.90909090909090906, 21.0, 1
.01, 1.177490234375, 158.87451171875, 100, 10.0, 11.0, 0.90909090909090906, 21.0, 1
.01, 1.1771240234375, 158.856201171875, 100, 10.0, 11.0, 0.90909090909090906, 21.0, 2
.01, 1.17730712890625, 158.8653564453125, 100, 10.0, 11.0, 0.90909090909090906, 21.0, 1
.01, 1.177215576171875, 158.86077880859375, 100, 10.0, 11.0, 0.90909090909090906, 21.0, 2
.01, 1.1772613525390625, 158.86306762695312, 100, 10.0, 11.0, 0.90909090909090906, 21.0, 1
.01, 1.1772384643554688, 158.86192321777344, 100, 10.0, 11.0, 0.90909090909090906, 21.0, 1
.01, 1.1772270202636719, 158.8613510131836, 100, 10.0, 11.0, 0.90909090909090906, 21.0, 1
.01, 1.1772212982177734, 158.86106491088867, 100, 10.0, 11.0, 0.90909090909090906, 21.0, 1
.01, 1.1772184371948242, 158.8609218597412, 100, 10.0, 11.0, 0.90909090909090906, 21.0, 1
.01, 1.1772170066833496, 158.86085033416748, 100, 10.0, 11.0, 0.90909090909090906, 21.0, 1
.01, 1.1772162914276123, 158.86081457138062, 100, 10.0, 11.0, 0.90909090909090906, 21.0, 1
.01, 1.1772159337997437, 158.86079668998718, 100, 10.0, 11.0, 0.90909090909090906, 21.0, 1
.01, 1.1772157549858093, 158.86078774929047, 100, 10.0, 11.0, 0.90909090909090906, 21.0, 2
.01, 1.1772158443927765, 158.86079221963882, 100, 10.0, 11.0, 0.90909090909090906, 21.0, 2
.01, 1.17721588909626, 158.860794454813, 100, 10.0, 11.0, 0.90909090909090906, 21.0, 3
.01, 1.25, 162.5, 100, 11.0, 10.0, 1.1000000000000001, 21.0, 1
.01, 0.875, 143.75, 100, 11.0, 10.0, 1.1000000000000001, 21.0, 2
.01, 1.0625, 153.125, 100, 11.0, 10.0, 1.1000000000000001, 21.0, 2
.01, 1.15625, 157.8125, 100, 11.0, 10.0, 1.1000000000000001, 21.0, 1
.01, 1.109375, 155.46875, 100, 11.0, 10.0, 1.1000000000000001, 21.0, 2
.01, 1.1328125, 156.640625, 100, 11.0, 10.0, 1.1000000000000001, 21.0, 2
.01, 1.14453125, 157.2265625, 100, 11.0, 10.0, 1.1000000000000001, 21.0, 1
.01, 1.138671875, 156.93359375, 100, 11.0, 10.0, 1.1000000000000001, 21.0, 2
.01, 1.1416015625, 157.080078125, 100, 11.0, 10.0, 1.1000000000000001, 21.0, 1
.01, 1.14013671875, 157.0068359375, 100, 11.0, 10.0, 1.1000000000000001, 21.0, 2
.01, 1.140869140625, 157.04345703125, 100, 11.0, 10.0, 1.1000000000000001, 21.0, 1
.01, 1.1405029296875, 157.025146484375, 100, 11.0, 10.0, 1.1000000000000001, 21.0, 1
.01, 1.14031982421875, 157.0159912109375, 100, 11.0, 10.0, 1.1000000000000001, 21.0, 1
.01, 1.140228271484375, 157.01141357421875, 100, 11.0, 10.0, 1.1000000000000001, 21.0, 1
.01, 1.1401824951171875, 157.00912475585938, 100, 11.0, 10.0, 1.1000000000000001, 21.0, 1
.01, 1.1401596069335938, 157.0079803466797, 100, 11.0, 10.0, 1.1000000000000001, 21.0, 2
.01, 1.1401710510253906, 157.00855255126953, 100, 11.0, 10.0, 1.1000000000000001, 21.0, 2
.01, 1.140176773071289, 157.00883865356445, 100, 11.0, 10.0, 1.1000000000000001, 21.0, 2
.01, 1.1401796340942383, 157.0089817047119, 100, 11.0, 10.0, 1.1000000000000001, 21.0, 1
.01, 1.1401782035827637, 157.00891017913818, 100, 11.0, 10.0, 1.1000000000000001, 21.0, 2
.01, 1.140178918838501, 157.00894594192505, 100, 11.0, 10.0, 1.1000000000000001, 21.0, 1
.01, 1.1401785612106323, 157.00892806053162, 100, 11.0, 10.0, 1.1000000000000001, 21.0, 1
.01, 1.140178382396698, 157.0089191198349, 100, 11.0, 10.0, 1.1000000000000001, 21.0, 1
.01, 1.1401782929897308, 157.00891464948654, 100, 11.0, 10.0, 1.1000000000000001, 21.0, 1
.01, 1.1401782482862473, 157.00891241431236, 100, 11.0, 10.0, 1.1000000000000001, 21.0, 3
.01, 1.25, 162.5, 100, 12.0, 9.0, 1.3333333333333333, 21.0, 1
.01, 0.875, 143.75, 100, 12.0, 9.0, 1.3333333333333333, 21.0, 2
.01, 1.0625, 153.125, 100, 12.0, 9.0, 1.3333333333333333, 21.0, 2
.01, 1.15625, 157.8125, 100, 12.0, 9.0, 1.3333333333333333, 21.0, 1
.01, 1.109375, 155.46875, 100, 12.0, 9.0, 1.3333333333333333, 21.0, 1
.01, 1.0859375, 154.296875, 100, 12.0, 9.0, 1.3333333333333333, 21.0, 2
.01, 1.09765625, 154.8828125, 100, 12.0, 9.0, 1.3333333333333333, 21.0, 2
.01, 1.103515625, 155.17578125, 100, 12.0, 9.0, 1.3333333333333333, 21.0, 2
.01, 1.1064453125, 155.322265625, 100, 12.0, 9.0, 1.3333333333333333, 21.0, 1
.01, 1.10498046875, 155.2490234375, 100, 12.0, 9.0, 1.3333333333333333, 21.0, 1
.01, 1.104248046875, 155.21240234375, 100, 12.0, 9.0, 1.3333333333333333, 21.0, 1
.01, 1.1038818359375, 155.194091796875, 100, 12.0, 9.0, 1.3333333333333333, 21.0, 1
.01, 1.10369873046875, 155.1849365234375, 100, 12.0, 9.0, 1.3333333333333333, 21.0, 2
.01, 1.103790283203125, 155.18951416015625, 100, 12.0, 9.0, 1.3333333333333333, 21.0, 1
.01, 1.1037445068359375, 155.18722534179688, 100, 12.0, 9.0, 1.3333333333333333, 21.0, 2
.01, 1.1037673950195312, 155.18836975097656, 100, 12.0, 9.0, 1.3333333333333333, 21.0, 1
.01, 1.1037559509277344, 155.18779754638672, 100, 12.0, 9.0, 1.3333333333333333, 21.0, 1
.01, 1.103750228881836, 155.1875114440918, 100, 12.0, 9.0, 1.3333333333333333, 21.0, 2
.01, 1.1037530899047852, 155.18765449523926, 100, 12.0, 9.0, 1.3333333333333333, 21.0, 2
.01, 1.1037545204162598, 155.187726020813, 100, 12.0, 9.0, 1.3333333333333333, 21.0, 1
.01, 1.1037538051605225, 155.18769025802612, 100, 12.0, 9.0, 1.3333333333333333, 21.0, 2
.01, 1.1037541627883911, 155.18770813941956, 100, 12.0, 9.0, 1.3333333333333333, 21.0, 1
.01, 1.1037539839744568, 155.18769919872284, 100, 12.0, 9.0, 1.3333333333333333, 21.0, 1
.01, 1.1037538945674896, 155.18769472837448, 100, 12.0, 9.0, 1.3333333333333333, 21.0, 1
.01, 1.103753849864006, 155.1876924932003, 100, 12.0, 9.0, 1.3333333333333333, 21.0, 3
.01, 1.25, 162.5, 100, 13.0, 8.0, 1.625, 21.0, 1
.01, 0.875, 143.75, 100, 13.0, 8.0, 1.625, 21.0, 2
.01, 1.0625, 153.125, 100, 13.0, 8.0, 1.625, 21.0, 2
.01, 1.15625, 157.8125, 100, 13.0, 8.0, 1.625, 21.0, 1
.01, 1.109375, 155.46875, 100, 13.0, 8.0, 1.625, 21.0, 1
.01, 1.0859375, 154.296875, 100, 13.0, 8.0, 1.625, 21.0, 1
.01, 1.07421875, 153.7109375, 100, 13.0, 8.0, 1.625, 21.0, 1
.01, 1.068359375, 153.41796875, 100, 13.0, 8.0, 1.625, 21.0, 1
.01, 1.0654296875, 153.271484375, 100, 13.0, 8.0, 1.625, 21.0, 2
.01, 1.06689453125, 153.3447265625, 100, 13.0, 8.0, 1.625, 21.0, 2
.01, 1.067626953125, 153.38134765625, 100, 13.0, 8.0, 1.625, 21.0, 1
.01, 1.0672607421875, 153.363037109375, 100, 13.0, 8.0, 1.625, 21.0, 2
.01, 1.06744384765625, 153.3721923828125, 100, 13.0, 8.0, 1.625, 21.0, 1
.01, 1.067352294921875, 153.36761474609375, 100, 13.0, 8.0, 1.625, 21.0, 2
.01, 1.0673980712890625, 153.36990356445312, 100, 13.0, 8.0, 1.625, 21.0, 2
.01, 1.0674209594726562, 153.3710479736328, 100, 13.0, 8.0, 1.625, 21.0, 2
.01, 1.0674324035644531, 153.37162017822266, 100, 13.0, 8.0, 1.625, 21.0, 2
.01, 1.0674381256103516, 153.37190628051758, 100, 13.0, 8.0, 1.625, 21.0, 2
.01, 1.0674409866333008, 153.37204933166504, 100, 13.0, 8.0, 1.625, 21.0, 1
.01, 1.0674395561218262, 153.3719778060913, 100, 13.0, 8.0, 1.625, 21.0, 1
.01, 1.0674388408660889, 153.37194204330444, 100, 13.0, 8.0, 1.625, 21.0, 1
.01, 1.0674384832382202, 153.371924161911, 100, 13.0, 8.0, 1.625, 21.0, 2
.01, 1.0674386620521545, 153.37193310260773, 100, 13.0, 8.0, 1.625, 21.0, 1
.01, 1.0674385726451874, 153.37192863225937, 100, 13.0, 8.0, 1.625, 21.0, 2
.01, 1.067438617348671, 153.37193086743355, 100, 13.0, 8.0, 1.625, 21.0, 3
.01, 1.25, 162.5, 100, 14.0, 7.0, 2.0, 21.0, 1
.01, 0.875, 143.75, 100, 14.0, 7.0, 2.0, 21.0, 2
.01, 1.0625, 153.125, 100, 14.0, 7.0, 2.0, 21.0, 1
.01, 0.96875, 148.4375, 100, 14.0, 7.0, 2.0, 21.0, 2
.01, 1.015625, 150.78125, 100, 14.0, 7.0, 2.0, 21.0, 2
.01, 1.0390625, 151.953125, 100, 14.0, 7.0, 2.0, 21.0, 1
.01, 1.02734375, 151.3671875, 100, 14.0, 7.0, 2.0, 21.0, 2
.01, 1.033203125, 151.66015625, 100, 14.0, 7.0, 2.0, 21.0, 1
.01, 1.0302734375, 151.513671875, 100, 14.0, 7.0, 2.0, 21.0, 2
.01, 1.03173828125, 151.5869140625, 100, 14.0, 7.0, 2.0, 21.0, 1
.01, 1.031005859375, 151.55029296875, 100, 14.0, 7.0, 2.0, 21.0, 1
.01, 1.0306396484375, 151.531982421875, 100, 14.0, 7.0, 2.0, 21.0, 2
.01, 1.03082275390625, 151.5411376953125, 100, 14.0, 7.0, 2.0, 21.0, 1
.01, 1.030731201171875, 151.53656005859375, 100, 14.0, 7.0, 2.0, 21.0, 1
.01, 1.0306854248046875, 151.53427124023438, 100, 14.0, 7.0, 2.0, 21.0, 2
.01, 1.0307083129882812, 151.53541564941406, 100, 14.0, 7.0, 2.0, 21.0, 2
.01, 1.0307197570800781, 151.5359878540039, 100, 14.0, 7.0, 2.0, 21.0, 1
.01, 1.0307140350341797, 151.53570175170898, 100, 14.0, 7.0, 2.0, 21.0, 1
.01, 1.0307111740112305, 151.53555870056152, 100, 14.0, 7.0, 2.0, 21.0, 2
.01, 1.030712604522705, 151.53563022613525, 100, 14.0, 7.0, 2.0, 21.0, 2
.01, 1.0307133197784424, 151.53566598892212, 100, 14.0, 7.0, 2.0, 21.0, 2
.01, 1.030713677406311, 151.53568387031555, 100, 14.0, 7.0, 2.0, 21.0, 1
.01, 1.0307134985923767, 151.53567492961884, 100, 14.0, 7.0, 2.0, 21.0, 1
.01, 1.0307134091854095, 151.53567045927048, 100, 14.0, 7.0, 2.0, 21.0, 2
.01, 1.0307134538888931, 151.53567269444466, 100, 14.0, 7.0, 2.0, 21.0, 3
.01, 1.25, 162.5, 100, 15.0, 6.0, 2.5, 21.0, 1
.01, 0.875, 143.75, 100, 15.0, 6.0, 2.5, 21.0, 2
.01, 1.0625, 153.125, 100, 15.0, 6.0, 2.5, 21.0, 1
.01, 0.96875, 148.4375, 100, 15.0, 6.0, 2.5, 21.0, 2
.01, 1.015625, 150.78125, 100, 15.0, 6.0, 2.5, 21.0, 1
.01, 0.9921875, 149.609375, 100, 15.0, 6.0, 2.5, 21.0, 2
.01, 1.00390625, 150.1953125, 100, 15.0, 6.0, 2.5, 21.0, 1
.01, 0.998046875, 149.90234375, 100, 15.0, 6.0, 2.5, 21.0, 1
.01, 0.9951171875, 149.755859375, 100, 15.0, 6.0, 2.5, 21.0, 1
.01, 0.99365234375, 149.6826171875, 100, 15.0, 6.0, 2.5, 21.0, 1
.01, 0.992919921875, 149.64599609375, 100, 15.0, 6.0, 2.5, 21.0, 2
.01, 0.9932861328125, 149.664306640625, 100, 15.0, 6.0, 2.5, 21.0, 1
.01, 0.99310302734375, 149.6551513671875, 100, 15.0, 6.0, 2.5, 21.0, 1
.01, 0.993011474609375, 149.65057373046875, 100, 15.0, 6.0, 2.5, 21.0, 1
.01, 0.9929656982421875, 149.64828491210938, 100, 15.0, 6.0, 2.5, 21.0, 2
.01, 0.9929885864257812, 149.64942932128906, 100, 15.0, 6.0, 2.5, 21.0, 1
.01, 0.9929771423339844, 149.64885711669922, 100, 15.0, 6.0, 2.5, 21.0, 2
.01, 0.9929828643798828, 149.64914321899414, 100, 15.0, 6.0, 2.5, 21.0, 2
.01, 0.992985725402832, 149.6492862701416, 100, 15.0, 6.0, 2.5, 21.0, 2
.01, 0.9929871559143066, 149.64935779571533, 100, 15.0, 6.0, 2.5, 21.0, 2
.01, 0.992987871170044, 149.6493935585022, 100, 15.0, 6.0, 2.5, 21.0, 2
.01, 0.9929882287979126, 149.64941143989563, 100, 15.0, 6.0, 2.5, 21.0, 2
.01, 0.9929884076118469, 149.64942038059235, 100, 15.0, 6.0, 2.5, 21.0, 1
.01, 0.9929883182048798, 149.649415910244, 100, 15.0, 6.0, 2.5, 21.0, 2
.01, 0.9929883629083633, 149.64941814541817, 100, 15.0, 6.0, 2.5, 21.0, 3
.01, 1.25, 162.5, 100, 16.0, 5.0, 3.2000000000000002, 21.0, 1
.01, 0.875, 143.75, 100, 16.0, 5.0, 3.2000000000000002, 21.0, 2
.01, 1.0625, 153.125, 100, 16.0, 5.0, 3.2000000000000002, 21.0, 1
.01, 0.96875, 148.4375, 100, 16.0, 5.0, 3.2000000000000002, 21.0, 1
.01, 0.921875, 146.09375, 100, 16.0, 5.0, 3.2000000000000002, 21.0, 2
.01, 0.9453125, 147.265625, 100, 16.0, 5.0, 3.2000000000000002, 21.0, 2
.01, 0.95703125, 147.8515625, 100, 16.0, 5.0, 3.2000000000000002, 21.0, 1
.01, 0.951171875, 147.55859375, 100, 16.0, 5.0, 3.2000000000000002, 21.0, 2
.01, 0.9541015625, 147.705078125, 100, 16.0, 5.0, 3.2000000000000002, 21.0, 1
.01, 0.95263671875, 147.6318359375, 100, 16.0, 5.0, 3.2000000000000002, 21.0, 2
.01, 0.953369140625, 147.66845703125, 100, 16.0, 5.0, 3.2000000000000002, 21.0, 2
.01, 0.9537353515625, 147.686767578125, 100, 16.0, 5.0, 3.2000000000000002, 21.0, 1
.01, 0.95355224609375, 147.6776123046875, 100, 16.0, 5.0, 3.2000000000000002, 21.0, 1
.01, 0.953460693359375, 147.67303466796875, 100, 16.0, 5.0, 3.2000000000000002, 21.0, 2
.01, 0.9535064697265625, 147.67532348632812, 100, 16.0, 5.0, 3.2000000000000002, 21.0, 2
.01, 0.9535293579101562, 147.6764678955078, 100, 16.0, 5.0, 3.2000000000000002, 21.0, 1
.01, 0.9535179138183594, 147.67589569091797, 100, 16.0, 5.0, 3.2000000000000002, 21.0, 2
.01, 0.9535236358642578, 147.6761817932129, 100, 16.0, 5.0, 3.2000000000000002, 21.0, 1
.01, 0.9535207748413086, 147.67603874206543, 100, 16.0, 5.0, 3.2000000000000002, 21.0, 1
.01, 0.953519344329834, 147.6759672164917, 100, 16.0, 5.0, 3.2000000000000002, 21.0, 2
.01, 0.9535200595855713, 147.67600297927856, 100, 16.0, 5.0, 3.2000000000000002, 21.0, 2
.01, 0.9535204172134399, 147.676020860672, 100, 16.0, 5.0, 3.2000000000000002, 21.0, 1
.01, 0.9535202383995056, 147.67601191997528, 100, 16.0, 5.0, 3.2000000000000002, 21.0, 1
.01, 0.9535201489925385, 147.67600744962692, 100, 16.0, 5.0, 3.2000000000000002, 21.0, 1
.01, 0.9535201042890549, 147.67600521445274, 100, 16.0, 5.0, 3.2000000000000002, 21.0, 3
.01, 1.25, 162.5, 100, 17.0, 4.0, 4.25, 21.0, 1
.01, 0.875, 143.75, 100, 17.0, 4.0, 4.25, 21.0, 2
.01, 1.0625, 153.125, 100, 17.0, 4.0, 4.25, 21.0, 1
.01, 0.96875, 148.4375, 100, 17.0, 4.0, 4.25, 21.0, 1
.01, 0.921875, 146.09375, 100, 17.0, 4.0, 4.25, 21.0, 1
.01, 0.8984375, 144.921875, 100, 17.0, 4.0, 4.25, 21.0, 2
.01, 0.91015625, 145.5078125, 100, 17.0, 4.0, 4.25, 21.0, 2
.01, 0.916015625, 145.80078125, 100, 17.0, 4.0, 4.25, 21.0, 1
.01, 0.9130859375, 145.654296875, 100, 17.0, 4.0, 4.25, 21.0, 1
.01, 0.91162109375, 145.5810546875, 100, 17.0, 4.0, 4.25, 21.0, 1
.01, 0.910888671875, 145.54443359375, 100, 17.0, 4.0, 4.25, 21.0, 2
.01, 0.9112548828125, 145.562744140625, 100, 17.0, 4.0, 4.25, 21.0, 2
.01, 0.91143798828125, 145.5718994140625, 100, 17.0, 4.0, 4.25, 21.0, 1
.01, 0.911346435546875, 145.56732177734375, 100, 17.0, 4.0, 4.25, 21.0, 1
.01, 0.9113006591796875, 145.56503295898438, 100, 17.0, 4.0, 4.25, 21.0, 1
.01, 0.9112777709960938, 145.5638885498047, 100, 17.0, 4.0, 4.25, 21.0, 1
.01, 0.9112663269042969, 145.56331634521484, 100, 17.0, 4.0, 4.25, 21.0, 1
.01, 0.9112606048583984, 145.56303024291992, 100, 17.0, 4.0, 4.25, 21.0, 2
.01, 0.9112634658813477, 145.56317329406738, 100, 17.0, 4.0, 4.25, 21.0, 2
.01, 0.9112648963928223, 145.5632448196411, 100, 17.0, 4.0, 4.25, 21.0, 1
.01, 0.911264181137085, 145.56320905685425, 100, 17.0, 4.0, 4.25, 21.0, 1
.01, 0.9112638235092163, 145.56319117546082, 100, 17.0, 4.0, 4.25, 21.0, 2
.01, 0.9112640023231506, 145.56320011615753, 100, 17.0, 4.0, 4.25, 21.0, 1
.01, 0.9112639129161835, 145.56319564580917, 100, 17.0, 4.0, 4.25, 21.0, 1
.01, 0.9112638682126999, 145.563193410635, 100, 17.0, 4.0, 4.25, 21.0, 3
.01, 1.25, 162.5, 100, 18.0, 3.0, 6.0, 21.0, 1
.01, 0.875, 143.75, 100, 18.0, 3.0, 6.0, 21.0, 1
.01, 0.6875, 134.375, 100, 18.0, 3.0, 6.0, 21.0, 2
.01, 0.78125, 139.0625, 100, 18.0, 3.0, 6.0, 21.0, 2
.01, 0.828125, 141.40625, 100, 18.0, 3.0, 6.0, 21.0, 2
.01, 0.8515625, 142.578125, 100, 18.0, 3.0, 6.0, 21.0, 2
.01, 0.86328125, 143.1640625, 100, 18.0, 3.0, 6.0, 21.0, 2
.01, 0.869140625, 143.45703125, 100, 18.0, 3.0, 6.0, 21.0, 1
.01, 0.8662109375, 143.310546875, 100, 18.0, 3.0, 6.0, 21.0, 1
.01, 0.86474609375, 143.2373046875, 100, 18.0, 3.0, 6.0, 21.0, 1
.01, 0.864013671875, 143.20068359375, 100, 18.0, 3.0, 6.0, 21.0, 2
.01, 0.8643798828125, 143.218994140625, 100, 18.0, 3.0, 6.0, 21.0, 2
.01, 0.86456298828125, 143.2281494140625, 100, 18.0, 3.0, 6.0, 21.0, 1
.01, 0.864471435546875, 143.22357177734375, 100, 18.0, 3.0, 6.0, 21.0, 2
.01, 0.8645172119140625, 143.22586059570312, 100, 18.0, 3.0, 6.0, 21.0, 2
.01, 0.8645401000976562, 143.2270050048828, 100, 18.0, 3.0, 6.0, 21.0, 2
.01, 0.8645515441894531, 143.22757720947266, 100, 18.0, 3.0, 6.0, 21.0, 2
.01, 0.8645572662353516, 143.22786331176758, 100, 18.0, 3.0, 6.0, 21.0, 1
.01, 0.8645544052124023, 143.22772026062012, 100, 18.0, 3.0, 6.0, 21.0, 1
.01, 0.8645529747009277, 143.2276487350464, 100, 18.0, 3.0, 6.0, 21.0, 2
.01, 0.864553689956665, 143.22768449783325, 100, 18.0, 3.0, 6.0, 21.0, 1
.01, 0.8645533323287964, 143.22766661643982, 100, 18.0, 3.0, 6.0, 21.0, 1
.01, 0.8645531535148621, 143.2276576757431, 100, 18.0, 3.0, 6.0, 21.0, 1
.01, 0.8645530641078949, 143.22765320539474, 100, 18.0, 3.0, 6.0, 21.0, 2
.01, 0.8645531088113785, 143.22765544056892, 100, 18.0, 3.0, 6.0, 21.0, 3
.01, 1.25, 162.5, 100, 19.0, 2.0, 9.5, 21.0, 1
.01, 0.875, 143.75, 100, 19.0, 2.0, 9.5, 21.0, 1
.01, 0.6875, 134.375, 100, 19.0, 2.0, 9.5, 21.0, 2
.01, 0.78125, 139.0625, 100, 19.0, 2.0, 9.5, 21.0, 2
.01, 0.828125, 141.40625, 100, 19.0, 2.0, 9.5, 21.0, 1
.01, 0.8046875, 140.234375, 100, 19.0, 2.0, 9.5, 21.0, 2
.01, 0.81640625, 140.8203125, 100, 19.0, 2.0, 9.5, 21.0, 1
.01, 0.810546875, 140.52734375, 100, 19.0, 2.0, 9.5, 21.0, 1
.01, 0.8076171875, 140.380859375, 100, 19.0, 2.0, 9.5, 21.0, 2
.01, 0.80908203125, 140.4541015625, 100, 19.0, 2.0, 9.5, 21.0, 2
.01, 0.809814453125, 140.49072265625, 100, 19.0, 2.0, 9.5, 21.0, 2
.01, 0.8101806640625, 140.509033203125, 100, 19.0, 2.0, 9.5, 21.0, 2
.01, 0.81036376953125, 140.5181884765625, 100, 19.0, 2.0, 9.5, 21.0, 1
.01, 0.810272216796875, 140.51361083984375, 100, 19.0, 2.0, 9.5, 21.0, 1
.01, 0.8102264404296875, 140.51132202148438, 100, 19.0, 2.0, 9.5, 21.0, 2
.01, 0.8102493286132812, 140.51246643066406, 100, 19.0, 2.0, 9.5, 21.0, 1
.01, 0.8102378845214844, 140.51189422607422, 100, 19.0, 2.0, 9.5, 21.0, 2
.01, 0.8102436065673828, 140.51218032836914, 100, 19.0, 2.0, 9.5, 21.0, 1
.01, 0.8102407455444336, 140.51203727722168, 100, 19.0, 2.0, 9.5, 21.0, 2
.01, 0.8102421760559082, 140.5121088027954, 100, 19.0, 2.0, 9.5, 21.0, 1
.01, 0.8102414608001709, 140.51207304000854, 100, 19.0, 2.0, 9.5, 21.0, 2
.01, 0.8102418184280396, 140.51209092140198, 100, 19.0, 2.0, 9.5, 21.0, 2
.01, 0.8102419972419739, 140.5120998620987, 100, 19.0, 2.0, 9.5, 21.0, 1
.01, 0.8102419078350067, 140.51209539175034, 100, 19.0, 2.0, 9.5, 21.0, 2
.01, 0.8102419525384903, 140.51209762692451, 100, 19.0, 2.0, 9.5, 21.0, 3
.01, 1.25, 162.5, 100, 20.0, 1.0, 20.0, 21.0, 1
.01, 0.875, 143.75, 100, 20.0, 1.0, 20.0, 21.0, 1
.01, 0.6875, 134.375, 100, 20.0, 1.0, 20.0, 21.0, 2
.01, 0.78125, 139.0625, 100, 20.0, 1.0, 20.0, 21.0, 1
.01, 0.734375, 136.71875, 100, 20.0, 1.0, 20.0, 21.0, 2
.01, 0.7578125, 137.890625, 100, 20.0, 1.0, 20.0, 21.0, 1
.01, 0.74609375, 137.3046875, 100, 20.0, 1.0, 20.0, 21.0, 1
.01, 0.740234375, 137.01171875, 100, 20.0, 1.0, 20.0, 21.0, 2
.01, 0.7431640625, 137.158203125, 100, 20.0, 1.0, 20.0, 21.0, 1
.01, 0.74169921875, 137.0849609375, 100, 20.0, 1.0, 20.0, 21.0, 1
.01, 0.740966796875, 137.04833984375, 100, 20.0, 1.0, 20.0, 21.0, 1
.01, 0.7406005859375, 137.030029296875, 100, 20.0, 1.0, 20.0, 21.0, 1
.01, 0.74041748046875, 137.0208740234375, 100, 20.0, 1.0, 20.0, 21.0, 1
.01, 0.740325927734375, 137.01629638671875, 100, 20.0, 1.0, 20.0, 21.0, 2
.01, 0.7403717041015625, 137.01858520507812, 100, 20.0, 1.0, 20.0, 21.0, 2
.01, 0.7403945922851562, 137.0197296142578, 100, 20.0, 1.0, 20.0, 21.0, 2
.01, 0.7404060363769531, 137.02030181884766, 100, 20.0, 1.0, 20.0, 21.0, 1
.01, 0.7404003143310547, 137.02001571655273, 100, 20.0, 1.0, 20.0, 21.0, 2
.01, 0.7404031753540039, 137.0201587677002, 100, 20.0, 1.0, 20.0, 21.0, 2
.01, 0.7404046058654785, 137.02023029327393, 100, 20.0, 1.0, 20.0, 21.0, 1
.01, 0.7404038906097412, 137.02019453048706, 100, 20.0, 1.0, 20.0, 21.0, 2
.01, 0.7404042482376099, 137.0202124118805, 100, 20.0, 1.0, 20.0, 21.0, 2
.01, 0.7404044270515442, 137.0202213525772, 100, 20.0, 1.0, 20.0, 21.0, 1
.01, 0.740404337644577, 137.02021688222885, 100, 20.0, 1.0, 20.0, 21.0, 2
.01, 0.7404043823480606, 137.02021911740303, 100, 20.0, 1.0, 20.0, 21.0, 3
