epsilon, alpha, beta, initpop1, initpop2, dif1, dif2, difratio, winner,final_pop1,final_pop2, time
.01, 1.05, 1, 152.5, 100, 5.0, 10, 0.5, 152.5, 149.99999999999955, 2, 31
.01, 1.425, 1, 171.25, 100, 5.0, 10, 0.5, 171.25, 149.99999999999955, 1, 9
.01, 1.2375, 1, 161.875, 100, 5.0, 10, 0.5, 161.875, 149.99999999999955, 1, 24
.01, 1.14375, 1, 157.1875, 100, 5.0, 10, 0.5, 157.1875, 149.99999999999955, 1, 167
.01, 1.096875, 1, 154.84375, 100, 5.0, 10, 0.5, 154.84375, 149.99999999999955, 2, 75
.01, 1.1203125, 1, 156.015625, 100, 5.0, 10, 0.5, 156.015625, 149.99999999999955, 3, 200
.01, 1.05, 1, 152.5, 100, 5.3448275862068968, 10, 0.53448275862068972, 152.49999999999969, 149.99999999999955, 2, 36
.01, 1.425, 1, 171.25, 100, 5.3448275862068968, 10, 0.53448275862068972, 171.24999999999994, 149.99999999999955, 1, 9
.01, 1.2375, 1, 161.875, 100, 5.3448275862068968, 10, 0.53448275862068972, 161.875, 149.99999999999955, 1, 21
.01, 1.14375, 1, 157.1875, 100, 5.3448275862068968, 10, 0.53448275862068972, 157.18749999999989, 149.99999999999955, 1, 88
.01, 1.096875, 1, 154.84375, 100, 5.3448275862068968, 10, 0.53448275862068972, 154.84375, 149.99999999999955, 2, 123
.01, 1.1203125, 1, 156.015625, 100, 5.3448275862068968, 10, 0.53448275862068972, 156.01562499999969, 149.99999999999955, 3, 200
.01, 1.05, 1, 152.5, 100, 5.6896551724137936, 10, 0.56896551724137934, 152.49999999999977, 149.99999999999955, 2, 43
.01, 1.425, 1, 171.25, 100, 5.6896551724137936, 10, 0.56896551724137934, 171.24999999999977, 149.99999999999955, 1, 8
.01, 1.2375, 1, 161.875, 100, 5.6896551724137936, 10, 0.56896551724137934, 161.875, 149.99999999999955, 1, 19
.01, 1.14375, 1, 157.1875, 100, 5.6896551724137936, 10, 0.56896551724137934, 157.1875, 149.99999999999955, 1, 60
.01, 1.096875, 1, 154.84375, 100, 5.6896551724137936, 10, 0.56896551724137934, 154.84374999999997, 149.99999999999955, 3, 200
.01, 1.05, 1, 152.5, 100, 6.0344827586206895, 10, 0.60344827586206895, 152.5, 149.99999999999955, 2, 53
.01, 1.425, 1, 171.25, 100, 6.0344827586206895, 10, 0.60344827586206895, 171.25, 149.99999999999955, 1, 8
.01, 1.2375, 1, 161.875, 100, 6.0344827586206895, 10, 0.60344827586206895, 161.875, 149.99999999999955, 1, 17
.01, 1.14375, 1, 157.1875, 100, 6.0344827586206895, 10, 0.60344827586206895, 157.1875, 149.99999999999955, 1, 46
.01, 1.096875, 1, 154.84375, 100, 6.0344827586206895, 10, 0.60344827586206895, 154.84375, 149.99999999999955, 3, 200
.01, 1.05, 1, 152.5, 100, 6.3793103448275863, 10, 0.63793103448275867, 152.5, 149.99999999999955, 2, 68
.01, 1.425, 1, 171.25, 100, 6.3793103448275863, 10, 0.63793103448275867, 171.25, 149.99999999999955, 1, 8
.01, 1.2375, 1, 161.875, 100, 6.3793103448275863, 10, 0.63793103448275867, 161.875, 149.99999999999955, 1, 16
.01, 1.14375, 1, 157.1875, 100, 6.3793103448275863, 10, 0.63793103448275867, 157.18750000000003, 149.99999999999955, 1, 38
.01, 1.096875, 1, 154.84375, 100, 6.3793103448275863, 10, 0.63793103448275867, 154.84375, 149.99999999999955, 1, 157
.01, 1.0734375, 1, 153.671875, 100, 6.3793103448275863, 10, 0.63793103448275867, 153.671875, 149.99999999999955, 3, 200
.01, 1.05, 1, 152.5, 100, 6.7241379310344831, 10, 0.67241379310344829, 152.5, 149.99999999999955, 2, 96
.01, 1.425, 1, 171.25, 100, 6.7241379310344831, 10, 0.67241379310344829, 171.25, 149.99999999999955, 1, 7
.01, 1.2375, 1, 161.875, 100, 6.7241379310344831, 10, 0.67241379310344829, 161.875, 149.99999999999955, 1, 14
.01, 1.14375, 1, 157.1875, 100, 6.7241379310344831, 10, 0.67241379310344829, 157.1875, 149.99999999999955, 1, 32
.01, 1.096875, 1, 154.84375, 100, 6.7241379310344831, 10, 0.67241379310344829, 154.84375000000009, 149.99999999999955, 1, 92
.01, 1.0734375, 1, 153.671875, 100, 6.7241379310344831, 10, 0.67241379310344829, 153.671875, 149.99999999999955, 3, 200
.01, 1.05, 1, 152.5, 100, 7.068965517241379, 10, 0.7068965517241379, 152.5, 149.99999999999955, 2, 162
.01, 1.425, 1, 171.25, 100, 7.068965517241379, 10, 0.7068965517241379, 171.25, 149.99999999999955, 1, 7
.01, 1.2375, 1, 161.875, 100, 7.068965517241379, 10, 0.7068965517241379, 161.875, 149.99999999999955, 1, 13
.01, 1.14375, 1, 157.1875, 100, 7.068965517241379, 10, 0.7068965517241379, 157.1875, 149.99999999999955, 1, 28
.01, 1.096875, 1, 154.84375, 100, 7.068965517241379, 10, 0.7068965517241379, 154.84375000000003, 149.99999999999955, 1, 65
.01, 1.0734375, 1, 153.671875, 100, 7.068965517241379, 10, 0.7068965517241379, 153.671875, 149.99999999999955, 3, 200
.01, 1.05, 1, 152.5, 100, 7.4137931034482758, 10, 0.74137931034482762, 152.50000000000003, 149.99999999999955, 3, 200
.01, 1.05, 1, 152.5, 100, 7.7586206896551726, 10, 0.77586206896551724, 152.5, 149.99999999999955, 3, 200
.01, 1.05, 1, 152.5, 100, 8.1034482758620694, 10, 0.81034482758620696, 152.5, 149.99999999999955, 1, 171
.01, 0.675, 1, 133.75, 100, 8.1034482758620694, 10, 0.81034482758620696, 133.75, 149.99999999999955, 2, 6
.01, 0.8625, 1, 143.125, 100, 8.1034482758620694, 10, 0.81034482758620696, 143.125, 149.99999999999955, 2, 12
.01, 0.95625, 1, 147.8125, 100, 8.1034482758620694, 10, 0.81034482758620696, 147.8125, 149.99999999999955, 2, 25
.01, 1.003125, 1, 150.15625, 100, 8.1034482758620694, 10, 0.81034482758620696, 150.15625, 149.99999999999955, 2, 58
.01, 1.0265625, 1, 151.328125, 100, 8.1034482758620694, 10, 0.81034482758620696, 151.328125, 149.99999999999955, 2, 179
.01, 1.03828125, 1, 151.9140625, 100, 8.1034482758620694, 10, 0.81034482758620696, 151.9140625, 149.99999999999955, 3, 200
.01, 1.05, 1, 152.5, 100, 8.4482758620689662, 10, 0.84482758620689657, 152.5, 149.99999999999955, 1, 104
.01, 0.675, 1, 133.75, 100, 8.4482758620689662, 10, 0.84482758620689657, 133.75, 149.99999999999955, 2, 6
.01, 0.8625, 1, 143.125, 100, 8.4482758620689662, 10, 0.84482758620689657, 143.125, 149.99999999999955, 2, 12
.01, 0.95625, 1, 147.8125, 100, 8.4482758620689662, 10, 0.84482758620689657, 147.8125, 149.99999999999955, 2, 27
.01, 1.003125, 1, 150.15625, 100, 8.4482758620689662, 10, 0.84482758620689657, 150.15625, 149.99999999999955, 2, 74
.01, 1.0265625, 1, 151.328125, 100, 8.4482758620689662, 10, 0.84482758620689657, 151.328125, 149.99999999999955, 3, 200
.01, 1.05, 1, 152.5, 100, 8.7931034482758612, 10, 0.87931034482758608, 152.5, 149.99999999999955, 1, 75
.01, 0.675, 1, 133.75, 100, 8.7931034482758612, 10, 0.87931034482758608, 133.75, 149.99999999999955, 2, 6
.01, 0.8625, 1, 143.125, 100, 8.7931034482758612, 10, 0.87931034482758608, 143.125, 149.99999999999955, 2, 12
.01, 0.95625, 1, 147.8125, 100, 8.7931034482758612, 10, 0.87931034482758608, 147.8125, 149.99999999999955, 2, 30
.01, 1.003125, 1, 150.15625, 100, 8.7931034482758612, 10, 0.87931034482758608, 150.15625, 149.99999999999955, 2, 99
.01, 1.0265625, 1, 151.328125, 100, 8.7931034482758612, 10, 0.87931034482758608, 151.32812499999997, 149.99999999999955, 3, 200
.01, 1.05, 1, 152.5, 100, 9.137931034482758, 10, 0.9137931034482758, 152.49999999999994, 149.99999999999955, 1, 59
.01, 0.675, 1, 133.75, 100, 9.137931034482758, 10, 0.9137931034482758, 133.75, 149.99999999999955, 2, 6
.01, 0.8625, 1, 143.125, 100, 9.137931034482758, 10, 0.9137931034482758, 143.12499999999991, 149.99999999999955, 2, 13
.01, 0.95625, 1, 147.8125, 100, 9.137931034482758, 10, 0.9137931034482758, 147.8125, 149.99999999999955, 2, 33
.01, 1.003125, 1, 150.15625, 100, 9.137931034482758, 10, 0.9137931034482758, 150.15625, 149.99999999999955, 2, 150
.01, 1.0265625, 1, 151.328125, 100, 9.137931034482758, 10, 0.9137931034482758, 151.32812499999991, 149.99999999999955, 1, 189
.01, 1.01484375, 1, 150.7421875, 100, 9.137931034482758, 10, 0.9137931034482758, 150.7421875, 149.99999999999955, 3, 200
.01, 1.05, 1, 152.5, 100, 9.4827586206896548, 10, 0.94827586206896552, 152.5, 149.99999999999955, 1, 49
.01, 0.675, 1, 133.75, 100, 9.4827586206896548, 10, 0.94827586206896552, 133.75, 149.99999999999955, 2, 6
.01, 0.8625, 1, 143.125, 100, 9.4827586206896548, 10, 0.94827586206896552, 143.125, 149.99999999999955, 2, 13
.01, 0.95625, 1, 147.8125, 100, 9.4827586206896548, 10, 0.94827586206896552, 147.8125, 149.99999999999955, 2, 36
.01, 1.003125, 1, 150.15625, 100, 9.4827586206896548, 10, 0.94827586206896552, 150.15625, 149.99999999999955, 3, 200
.01, 1.05, 1, 152.5, 100, 9.8275862068965516, 10, 0.98275862068965514, 152.5, 149.99999999999955, 1, 42
.01, 0.675, 1, 133.75, 100, 9.8275862068965516, 10, 0.98275862068965514, 133.75, 149.99999999999955, 2, 6
.01, 0.8625, 1, 143.125, 100, 9.8275862068965516, 10, 0.98275862068965514, 143.125, 149.99999999999955, 2, 14
.01, 0.95625, 1, 147.8125, 100, 9.8275862068965516, 10, 0.98275862068965514, 147.81249999999997, 149.99999999999955, 2, 41
.01, 1.003125, 1, 150.15625, 100, 9.8275862068965516, 10, 0.98275862068965514, 150.15625, 149.99999999999955, 3, 200
.01, 1.05, 1, 152.5, 100, 10.172413793103448, 10, 1.0172413793103448, 152.5, 149.99999999999955, 1, 37
.01, 0.675, 1, 133.75, 100, 10.172413793103448, 10, 1.0172413793103448, 133.75, 149.99999999999955, 2, 6
.01, 0.8625, 1, 143.125, 100, 10.172413793103448, 10, 1.0172413793103448, 143.125, 149.99999999999955, 2, 14
.01, 0.95625, 1, 147.8125, 100, 10.172413793103448, 10, 1.0172413793103448, 147.81249999999991, 149.99999999999955, 2, 46
.01, 1.003125, 1, 150.15625, 100, 10.172413793103448, 10, 1.0172413793103448, 150.15625, 149.99999999999955, 3, 200
.01, 1.05, 1, 152.5, 100, 10.517241379310345, 10, 1.0517241379310345, 152.49999999999986, 149.99999999999955, 1, 33
.01, 0.675, 1, 133.75, 100, 10.517241379310345, 10, 1.0517241379310345, 133.75, 149.99999999999955, 2, 6
.01, 0.8625, 1, 143.125, 100, 10.517241379310345, 10, 1.0517241379310345, 143.125, 149.99999999999955, 2, 15
.01, 0.95625, 1, 147.8125, 100, 10.517241379310345, 10, 1.0517241379310345, 147.8125, 149.99999999999955, 2, 53
.01, 1.003125, 1, 150.15625, 100, 10.517241379310345, 10, 1.0517241379310345, 150.15625, 149.99999999999955, 1, 156
.01, 0.9796875, 1, 148.984375, 100, 10.517241379310345, 10, 1.0517241379310345, 148.984375, 149.99999999999955, 2, 162
.01, 0.99140625, 1, 149.5703125, 100, 10.517241379310345, 10, 1.0517241379310345, 149.57031249999991, 149.99999999999955, 3, 200
.01, 1.05, 1, 152.5, 100, 10.862068965517242, 10, 1.0862068965517242, 152.49999999999991, 149.99999999999955, 1, 29
.01, 0.675, 1, 133.75, 100, 10.862068965517242, 10, 1.0862068965517242, 133.75, 149.99999999999955, 2, 6
.01, 0.8625, 1, 143.125, 100, 10.862068965517242, 10, 1.0862068965517242, 143.125, 149.99999999999955, 2, 15
.01, 0.95625, 1, 147.8125, 100, 10.862068965517242, 10, 1.0862068965517242, 147.8125, 149.99999999999955, 2, 63
.01, 1.003125, 1, 150.15625, 100, 10.862068965517242, 10, 1.0862068965517242, 150.15625, 149.99999999999955, 1, 105
.01, 0.9796875, 1, 148.984375, 100, 10.862068965517242, 10, 1.0862068965517242, 148.984375, 149.99999999999955, 3, 200
.01, 1.05, 1, 152.5, 100, 11.206896551724139, 10, 1.1206896551724139, 152.49999999999997, 149.99999999999955, 1, 27
.01, 0.675, 1, 133.75, 100, 11.206896551724139, 10, 1.1206896551724139, 133.75, 149.99999999999955, 2, 6
.01, 0.8625, 1, 143.125, 100, 11.206896551724139, 10, 1.1206896551724139, 143.125, 149.99999999999955, 2, 16
.01, 0.95625, 1, 147.8125, 100, 11.206896551724139, 10, 1.1206896551724139, 147.8125, 149.99999999999955, 2, 76
.01, 1.003125, 1, 150.15625, 100, 11.206896551724139, 10, 1.1206896551724139, 150.15625, 149.99999999999955, 1, 79
.01, 0.9796875, 1, 148.984375, 100, 11.206896551724139, 10, 1.1206896551724139, 148.984375, 149.99999999999955, 3, 200
.01, 1.05, 1, 152.5, 100, 11.551724137931036, 10, 1.1551724137931036, 152.5, 149.99999999999955, 1, 25
.01, 0.675, 1, 133.75, 100, 11.551724137931036, 10, 1.1551724137931036, 133.75, 149.99999999999955, 2, 6
.01, 0.8625, 1, 143.125, 100, 11.551724137931036, 10, 1.1551724137931036, 143.125, 149.99999999999955, 2, 16
.01, 0.95625, 1, 147.8125, 100, 11.551724137931036, 10, 1.1551724137931036, 147.81249999999997, 149.99999999999955, 2, 97
.01, 1.003125, 1, 150.15625, 100, 11.551724137931036, 10, 1.1551724137931036, 150.15624999999997, 149.99999999999955, 1, 64
.01, 0.9796875, 1, 148.984375, 100, 11.551724137931036, 10, 1.1551724137931036, 148.984375, 149.99999999999955, 3, 200
.01, 1.05, 1, 152.5, 100, 11.896551724137932, 10, 1.1896551724137931, 152.5, 149.99999999999955, 1, 23
.01, 0.675, 1, 133.75, 100, 11.896551724137932, 10, 1.1896551724137931, 133.75, 149.99999999999955, 2, 6
.01, 0.8625, 1, 143.125, 100, 11.896551724137932, 10, 1.1896551724137931, 143.125, 149.99999999999955, 2, 17
.01, 0.95625, 1, 147.8125, 100, 11.896551724137932, 10, 1.1896551724137931, 147.81250000000009, 149.99999999999955, 2, 132
.01, 1.003125, 1, 150.15625, 100, 11.896551724137932, 10, 1.1896551724137931, 150.15625000000003, 149.99999999999955, 1, 54
.01, 0.9796875, 1, 148.984375, 100, 11.896551724137932, 10, 1.1896551724137931, 148.98437500000006, 149.99999999999955, 1, 178
.01, 0.96796875, 1, 148.3984375, 100, 11.896551724137932, 10, 1.1896551724137931, 148.3984375, 149.99999999999955, 3, 200
.01, 1.05, 1, 152.5, 100, 12.241379310344829, 10, 1.2241379310344829, 152.5, 149.99999999999955, 1, 21
.01, 0.675, 1, 133.75, 100, 12.241379310344829, 10, 1.2241379310344829, 133.75, 149.99999999999955, 2, 6
.01, 0.8625, 1, 143.125, 100, 12.241379310344829, 10, 1.2241379310344829, 143.125, 149.99999999999955, 2, 17
.01, 0.95625, 1, 147.8125, 100, 12.241379310344829, 10, 1.2241379310344829, 147.81249999999986, 149.99999999999955, 3, 200
.01, 1.05, 1, 152.5, 100, 12.586206896551724, 10, 1.2586206896551724, 152.5, 149.99999999999955, 1, 20
.01, 0.675, 1, 133.75, 100, 12.586206896551724, 10, 1.2586206896551724, 133.75, 149.99999999999955, 2, 6
.01, 0.8625, 1, 143.125, 100, 12.586206896551724, 10, 1.2586206896551724, 143.125, 149.99999999999955, 2, 18
.01, 0.95625, 1, 147.8125, 100, 12.586206896551724, 10, 1.2586206896551724, 147.8125, 149.99999999999955, 3, 200
.01, 1.05, 1, 152.5, 100, 12.931034482758621, 10, 1.2931034482758621, 152.5, 149.99999999999955, 1, 19
.01, 0.675, 1, 133.75, 100, 12.931034482758621, 10, 1.2931034482758621, 133.75, 149.99999999999955, 2, 6
.01, 0.8625, 1, 143.125, 100, 12.931034482758621, 10, 1.2931034482758621, 143.125, 149.99999999999955, 2, 19
.01, 0.95625, 1, 147.8125, 100, 12.931034482758621, 10, 1.2931034482758621, 147.8125, 149.99999999999955, 3, 200
.01, 1.05, 1, 152.5, 100, 13.275862068965518, 10, 1.3275862068965518, 152.5, 149.99999999999955, 1, 18
.01, 0.675, 1, 133.75, 100, 13.275862068965518, 10, 1.3275862068965518, 133.75, 149.99999999999955, 2, 6
.01, 0.8625, 1, 143.125, 100, 13.275862068965518, 10, 1.3275862068965518, 143.125, 149.99999999999955, 2, 19
.01, 0.95625, 1, 147.8125, 100, 13.275862068965518, 10, 1.3275862068965518, 147.8125, 149.99999999999955, 3, 200
.01, 1.05, 1, 152.5, 100, 13.620689655172415, 10, 1.3620689655172415, 152.5, 149.99999999999955, 1, 17
.01, 0.675, 1, 133.75, 100, 13.620689655172415, 10, 1.3620689655172415, 133.75, 149.99999999999955, 2, 6
.01, 0.8625, 1, 143.125, 100, 13.620689655172415, 10, 1.3620689655172415, 143.125, 149.99999999999955, 2, 20
.01, 0.95625, 1, 147.8125, 100, 13.620689655172415, 10, 1.3620689655172415, 147.8125, 149.99999999999955, 1, 177
.01, 0.909375, 1, 145.46875, 100, 13.620689655172415, 10, 1.3620689655172415, 145.46875, 149.99999999999955, 2, 46
.01, 0.9328125, 1, 146.640625, 100, 13.620689655172415, 10, 1.3620689655172415, 146.640625, 149.99999999999955, 2, 122
.01, 0.94453125, 1, 147.2265625, 100, 13.620689655172415, 10, 1.3620689655172415, 147.2265625, 149.99999999999955, 3, 200
.01, 1.05, 1, 152.5, 100, 13.965517241379311, 10, 1.396551724137931, 152.5, 149.99999999999955, 1, 16
.01, 0.675, 1, 133.75, 100, 13.965517241379311, 10, 1.396551724137931, 133.75, 149.99999999999955, 2, 6
.01, 0.8625, 1, 143.125, 100, 13.965517241379311, 10, 1.396551724137931, 143.125, 149.99999999999955, 2, 21
.01, 0.95625, 1, 147.8125, 100, 13.965517241379311, 10, 1.396551724137931, 147.8125, 149.99999999999955, 1, 122
.01, 0.909375, 1, 145.46875, 100, 13.965517241379311, 10, 1.396551724137931, 145.46875, 149.99999999999955, 2, 51
.01, 0.9328125, 1, 146.640625, 100, 13.965517241379311, 10, 1.396551724137931, 146.640625, 149.99999999999955, 2, 174
.01, 0.94453125, 1, 147.2265625, 100, 13.965517241379311, 10, 1.396551724137931, 147.2265625, 149.99999999999955, 3, 200
.01, 1.05, 1, 152.5, 100, 14.310344827586208, 10, 1.4310344827586208, 152.5, 149.99999999999955, 1, 16
.01, 0.675, 1, 133.75, 100, 14.310344827586208, 10, 1.4310344827586208, 133.75, 149.99999999999955, 2, 7
.01, 0.8625, 1, 143.125, 100, 14.310344827586208, 10, 1.4310344827586208, 143.125, 149.99999999999955, 2, 22
.01, 0.95625, 1, 147.8125, 100, 14.310344827586208, 10, 1.4310344827586208, 147.8125, 149.99999999999955, 1, 94
.01, 0.909375, 1, 145.46875, 100, 14.310344827586208, 10, 1.4310344827586208, 145.46875, 149.99999999999955, 2, 57
.01, 0.9328125, 1, 146.640625, 100, 14.310344827586208, 10, 1.4310344827586208, 146.640625, 149.99999999999955, 3, 200
.01, 1.05, 1, 152.5, 100, 14.655172413793103, 10, 1.4655172413793103, 152.5, 149.99999999999955, 1, 15
.01, 0.675, 1, 133.75, 100, 14.655172413793103, 10, 1.4655172413793103, 133.75, 149.99999999999955, 2, 7
.01, 0.8625, 1, 143.125, 100, 14.655172413793103, 10, 1.4655172413793103, 143.125, 149.99999999999955, 2, 23
.01, 0.95625, 1, 147.8125, 100, 14.655172413793103, 10, 1.4655172413793103, 147.8125, 149.99999999999955, 1, 76
.01, 0.909375, 1, 145.46875, 100, 14.655172413793103, 10, 1.4655172413793103, 145.46875, 149.99999999999955, 2, 66
.01, 0.9328125, 1, 146.640625, 100, 14.655172413793103, 10, 1.4655172413793103, 146.640625, 149.99999999999955, 3, 200
.01, 1.05, 1, 152.5, 100, 15.0, 10, 1.5, 152.5, 149.99999999999955, 1, 14
.01, 0.675, 1, 133.75, 100, 15.0, 10, 1.5, 133.75, 149.99999999999955, 2, 7
.01, 0.8625, 1, 143.125, 100, 15.0, 10, 1.5, 143.125, 149.99999999999955, 2, 24
.01, 0.95625, 1, 147.8125, 100, 15.0, 10, 1.5, 147.8125, 149.99999999999955, 1, 64
.01, 0.909375, 1, 145.46875, 100, 15.0, 10, 1.5, 145.46875, 149.99999999999955, 2, 77
.01, 0.9328125, 1, 146.640625, 100, 15.0, 10, 1.5, 146.640625, 149.99999999999955, 3, 200
