epsilon, alpha, pop1, pop2, dif1, dif2, difratio, blobsize, winner
.01, 1.25, 162.5, 100, 1.0, 20.0, 0.050000000000000003, 13.0, 2
.01, 1.625, 181.25, 100, 1.0, 20.0, 0.050000000000000003, 13.0, 2
.01, 1.8125, 190.625, 100, 1.0, 20.0, 0.050000000000000003, 13.0, 2
.01, 1.90625, 195.3125, 100, 1.0, 20.0, 0.050000000000000003, 13.0, 1
.01, 1.859375, 192.96875, 100, 1.0, 20.0, 0.050000000000000003, 13.0, 2
.01, 1.8828125, 194.140625, 100, 1.0, 20.0, 0.050000000000000003, 13.0, 1
.01, 1.87109375, 193.5546875, 100, 1.0, 20.0, 0.050000000000000003, 13.0, 1
.01, 1.865234375, 193.26171875, 100, 1.0, 20.0, 0.050000000000000003, 13.0, 2
.01, 1.8681640625, 193.408203125, 100, 1.0, 20.0, 0.050000000000000003, 13.0, 2
.01, 1.86962890625, 193.4814453125, 100, 1.0, 20.0, 0.050000000000000003, 13.0, 1
.01, 1.868896484375, 193.44482421875, 100, 1.0, 20.0, 0.050000000000000003, 13.0, 2
.01, 1.8692626953125, 193.463134765625, 100, 1.0, 20.0, 0.050000000000000003, 13.0, 1
.01, 1.86907958984375, 193.4539794921875, 100, 1.0, 20.0, 0.050000000000000003, 13.0, 2
.01, 1.869171142578125, 193.45855712890625, 100, 1.0, 20.0, 0.050000000000000003, 13.0, 2
.01, 1.8692169189453125, 193.46084594726562, 100, 1.0, 20.0, 0.050000000000000003, 13.0, 2
.01, 1.8692398071289062, 193.4619903564453, 100, 1.0, 20.0, 0.050000000000000003, 13.0, 2
.01, 1.8692512512207031, 193.46256256103516, 100, 1.0, 20.0, 0.050000000000000003, 13.0, 2
.01, 1.8692569732666016, 193.46284866333008, 100, 1.0, 20.0, 0.050000000000000003, 13.0, 2
.01, 1.8692598342895508, 193.46299171447754, 100, 1.0, 20.0, 0.050000000000000003, 13.0, 1
.01, 1.8692584037780762, 193.4629201889038, 100, 1.0, 20.0, 0.050000000000000003, 13.0, 1
.01, 1.8692576885223389, 193.46288442611694, 100, 1.0, 20.0, 0.050000000000000003, 13.0, 1
.01, 1.8692573308944702, 193.4628665447235, 100, 1.0, 20.0, 0.050000000000000003, 13.0, 1
.01, 1.8692571520805359, 193.4628576040268, 100, 1.0, 20.0, 0.050000000000000003, 13.0, 1
.01, 1.8692570626735687, 193.46285313367844, 100, 1.0, 20.0, 0.050000000000000003, 13.0, 1
.01, 1.8692570179700851, 193.46285089850426, 100, 1.0, 20.0, 0.050000000000000003, 13.0, 3
.01, 1.25, 162.5, 100, 2.0, 19.0, 0.10526315789473684, 13.0, 2
.01, 1.625, 181.25, 100, 2.0, 19.0, 0.10526315789473684, 13.0, 2
.01, 1.8125, 190.625, 100, 2.0, 19.0, 0.10526315789473684, 13.0, 1
.01, 1.71875, 185.9375, 100, 2.0, 19.0, 0.10526315789473684, 13.0, 2
.01, 1.765625, 188.28125, 100, 2.0, 19.0, 0.10526315789473684, 13.0, 1
.01, 1.7421875, 187.109375, 100, 2.0, 19.0, 0.10526315789473684, 13.0, 1
.01, 1.73046875, 186.5234375, 100, 2.0, 19.0, 0.10526315789473684, 13.0, 1
.01, 1.724609375, 186.23046875, 100, 2.0, 19.0, 0.10526315789473684, 13.0, 2
.01, 1.7275390625, 186.376953125, 100, 2.0, 19.0, 0.10526315789473684, 13.0, 2
.01, 1.72900390625, 186.4501953125, 100, 2.0, 19.0, 0.10526315789473684, 13.0, 2
.01, 1.729736328125, 186.48681640625, 100, 2.0, 19.0, 0.10526315789473684, 13.0, 2
.01, 1.7301025390625, 186.505126953125, 100, 2.0, 19.0, 0.10526315789473684, 13.0, 2
.01, 1.73028564453125, 186.5142822265625, 100, 2.0, 19.0, 0.10526315789473684, 13.0, 2
.01, 1.730377197265625, 186.51885986328125, 100, 2.0, 19.0, 0.10526315789473684, 13.0, 1
.01, 1.7303314208984375, 186.51657104492188, 100, 2.0, 19.0, 0.10526315789473684, 13.0, 2
.01, 1.7303543090820312, 186.51771545410156, 100, 2.0, 19.0, 0.10526315789473684, 13.0, 1
.01, 1.7303428649902344, 186.51714324951172, 100, 2.0, 19.0, 0.10526315789473684, 13.0, 2
.01, 1.7303485870361328, 186.51742935180664, 100, 2.0, 19.0, 0.10526315789473684, 13.0, 2
.01, 1.730351448059082, 186.5175724029541, 100, 2.0, 19.0, 0.10526315789473684, 13.0, 2
.01, 1.7303528785705566, 186.51764392852783, 100, 2.0, 19.0, 0.10526315789473684, 13.0, 2
.01, 1.730353593826294, 186.5176796913147, 100, 2.0, 19.0, 0.10526315789473684, 13.0, 2
.01, 1.7303539514541626, 186.51769757270813, 100, 2.0, 19.0, 0.10526315789473684, 13.0, 2
.01, 1.730354130268097, 186.51770651340485, 100, 2.0, 19.0, 0.10526315789473684, 13.0, 1
.01, 1.7303540408611298, 186.5177020430565, 100, 2.0, 19.0, 0.10526315789473684, 13.0, 1
.01, 1.7303539961576462, 186.5176998078823, 100, 2.0, 19.0, 0.10526315789473684, 13.0, 3
.01, 1.25, 162.5, 100, 3.0, 18.0, 0.16666666666666666, 13.0, 2
.01, 1.625, 181.25, 100, 3.0, 18.0, 0.16666666666666666, 13.0, 2
.01, 1.8125, 190.625, 100, 3.0, 18.0, 0.16666666666666666, 13.0, 1
.01, 1.71875, 185.9375, 100, 3.0, 18.0, 0.16666666666666666, 13.0, 1
.01, 1.671875, 183.59375, 100, 3.0, 18.0, 0.16666666666666666, 13.0, 1
.01, 1.6484375, 182.421875, 100, 3.0, 18.0, 0.16666666666666666, 13.0, 1
.01, 1.63671875, 181.8359375, 100, 3.0, 18.0, 0.16666666666666666, 13.0, 2
.01, 1.642578125, 182.12890625, 100, 3.0, 18.0, 0.16666666666666666, 13.0, 1
.01, 1.6396484375, 181.982421875, 100, 3.0, 18.0, 0.16666666666666666, 13.0, 1
.01, 1.63818359375, 181.9091796875, 100, 3.0, 18.0, 0.16666666666666666, 13.0, 1
.01, 1.637451171875, 181.87255859375, 100, 3.0, 18.0, 0.16666666666666666, 13.0, 1
.01, 1.6370849609375, 181.854248046875, 100, 3.0, 18.0, 0.16666666666666666, 13.0, 2
.01, 1.63726806640625, 181.8634033203125, 100, 3.0, 18.0, 0.16666666666666666, 13.0, 2
.01, 1.637359619140625, 181.86798095703125, 100, 3.0, 18.0, 0.16666666666666666, 13.0, 2
.01, 1.6374053955078125, 181.87026977539062, 100, 3.0, 18.0, 0.16666666666666666, 13.0, 2
.01, 1.6374282836914062, 181.8714141845703, 100, 3.0, 18.0, 0.16666666666666666, 13.0, 2
.01, 1.6374397277832031, 181.87198638916016, 100, 3.0, 18.0, 0.16666666666666666, 13.0, 2
.01, 1.6374454498291016, 181.87227249145508, 100, 3.0, 18.0, 0.16666666666666666, 13.0, 1
.01, 1.6374425888061523, 181.87212944030762, 100, 3.0, 18.0, 0.16666666666666666, 13.0, 1
.01, 1.6374411582946777, 181.8720579147339, 100, 3.0, 18.0, 0.16666666666666666, 13.0, 2
.01, 1.637441873550415, 181.87209367752075, 100, 3.0, 18.0, 0.16666666666666666, 13.0, 2
.01, 1.6374422311782837, 181.87211155891418, 100, 3.0, 18.0, 0.16666666666666666, 13.0, 2
.01, 1.637442409992218, 181.8721204996109, 100, 3.0, 18.0, 0.16666666666666666, 13.0, 2
.01, 1.6374424993991852, 181.87212496995926, 100, 3.0, 18.0, 0.16666666666666666, 13.0, 2
.01, 1.6374425441026688, 181.87212720513344, 100, 3.0, 18.0, 0.16666666666666666, 13.0, 3
.01, 1.25, 162.5, 100, 4.0, 17.0, 0.23529411764705882, 13.0, 2
.01, 1.625, 181.25, 100, 4.0, 17.0, 0.23529411764705882, 13.0, 1
.01, 1.4375, 171.875, 100, 4.0, 17.0, 0.23529411764705882, 13.0, 2
.01, 1.53125, 176.5625, 100, 4.0, 17.0, 0.23529411764705882, 13.0, 2
.01, 1.578125, 178.90625, 100, 4.0, 17.0, 0.23529411764705882, 13.0, 1
.01, 1.5546875, 177.734375, 100, 4.0, 17.0, 0.23529411764705882, 13.0, 2
.01, 1.56640625, 178.3203125, 100, 4.0, 17.0, 0.23529411764705882, 13.0, 1
.01, 1.560546875, 178.02734375, 100, 4.0, 17.0, 0.23529411764705882, 13.0, 2
.01, 1.5634765625, 178.173828125, 100, 4.0, 17.0, 0.23529411764705882, 13.0, 2
.01, 1.56494140625, 178.2470703125, 100, 4.0, 17.0, 0.23529411764705882, 13.0, 2
.01, 1.565673828125, 178.28369140625, 100, 4.0, 17.0, 0.23529411764705882, 13.0, 1
.01, 1.5653076171875, 178.265380859375, 100, 4.0, 17.0, 0.23529411764705882, 13.0, 2
.01, 1.56549072265625, 178.2745361328125, 100, 4.0, 17.0, 0.23529411764705882, 13.0, 1
.01, 1.565399169921875, 178.26995849609375, 100, 4.0, 17.0, 0.23529411764705882, 13.0, 1
.01, 1.5653533935546875, 178.26766967773438, 100, 4.0, 17.0, 0.23529411764705882, 13.0, 2
.01, 1.5653762817382812, 178.26881408691406, 100, 4.0, 17.0, 0.23529411764705882, 13.0, 2
.01, 1.5653877258300781, 178.2693862915039, 100, 4.0, 17.0, 0.23529411764705882, 13.0, 1
.01, 1.5653820037841797, 178.26910018920898, 100, 4.0, 17.0, 0.23529411764705882, 13.0, 1
.01, 1.5653791427612305, 178.26895713806152, 100, 4.0, 17.0, 0.23529411764705882, 13.0, 1
.01, 1.5653777122497559, 178.2688856124878, 100, 4.0, 17.0, 0.23529411764705882, 13.0, 2
.01, 1.5653784275054932, 178.26892137527466, 100, 4.0, 17.0, 0.23529411764705882, 13.0, 1
.01, 1.5653780698776245, 178.26890349388123, 100, 4.0, 17.0, 0.23529411764705882, 13.0, 2
.01, 1.5653782486915588, 178.26891243457794, 100, 4.0, 17.0, 0.23529411764705882, 13.0, 2
.01, 1.565378338098526, 178.2689169049263, 100, 4.0, 17.0, 0.23529411764705882, 13.0, 1
.01, 1.5653782933950424, 178.26891466975212, 100, 4.0, 17.0, 0.23529411764705882, 13.0, 3
.01, 1.25, 162.5, 100, 5.0, 16.0, 0.3125, 13.0, 2
.01, 1.625, 181.25, 100, 5.0, 16.0, 0.3125, 13.0, 1
.01, 1.4375, 171.875, 100, 5.0, 16.0, 0.3125, 13.0, 2
.01, 1.53125, 176.5625, 100, 5.0, 16.0, 0.3125, 13.0, 1
.01, 1.484375, 174.21875, 100, 5.0, 16.0, 0.3125, 13.0, 2
.01, 1.5078125, 175.390625, 100, 5.0, 16.0, 0.3125, 13.0, 1
.01, 1.49609375, 174.8046875, 100, 5.0, 16.0, 0.3125, 13.0, 2
.01, 1.501953125, 175.09765625, 100, 5.0, 16.0, 0.3125, 13.0, 2
.01, 1.5048828125, 175.244140625, 100, 5.0, 16.0, 0.3125, 13.0, 2
.01, 1.50634765625, 175.3173828125, 100, 5.0, 16.0, 0.3125, 13.0, 1
.01, 1.505615234375, 175.28076171875, 100, 5.0, 16.0, 0.3125, 13.0, 1
.01, 1.5052490234375, 175.262451171875, 100, 5.0, 16.0, 0.3125, 13.0, 1
.01, 1.50506591796875, 175.2532958984375, 100, 5.0, 16.0, 0.3125, 13.0, 2
.01, 1.505157470703125, 175.25787353515625, 100, 5.0, 16.0, 0.3125, 13.0, 2
.01, 1.5052032470703125, 175.26016235351562, 100, 5.0, 16.0, 0.3125, 13.0, 1
.01, 1.5051803588867188, 175.25901794433594, 100, 5.0, 16.0, 0.3125, 13.0, 2
.01, 1.5051918029785156, 175.25959014892578, 100, 5.0, 16.0, 0.3125, 13.0, 2
.01, 1.505197525024414, 175.2598762512207, 100, 5.0, 16.0, 0.3125, 13.0, 2
.01, 1.5052003860473633, 175.26001930236816, 100, 5.0, 16.0, 0.3125, 13.0, 2
.01, 1.505201816558838, 175.2600908279419, 100, 5.0, 16.0, 0.3125, 13.0, 2
.01, 1.5052025318145752, 175.26012659072876, 100, 5.0, 16.0, 0.3125, 13.0, 1
.01, 1.5052021741867065, 175.26010870933533, 100, 5.0, 16.0, 0.3125, 13.0, 2
.01, 1.5052023530006409, 175.26011765003204, 100, 5.0, 16.0, 0.3125, 13.0, 2
.01, 1.505202442407608, 175.2601221203804, 100, 5.0, 16.0, 0.3125, 13.0, 2
.01, 1.5052024871110916, 175.26012435555458, 100, 5.0, 16.0, 0.3125, 13.0, 3
.01, 1.25, 162.5, 100, 6.0, 15.0, 0.40000000000000002, 13.0, 2
.01, 1.625, 181.25, 100, 6.0, 15.0, 0.40000000000000002, 13.0, 1
.01, 1.4375, 171.875, 100, 6.0, 15.0, 0.40000000000000002, 13.0, 2
.01, 1.53125, 176.5625, 100, 6.0, 15.0, 0.40000000000000002, 13.0, 1
.01, 1.484375, 174.21875, 100, 6.0, 15.0, 0.40000000000000002, 13.0, 1
.01, 1.4609375, 173.046875, 100, 6.0, 15.0, 0.40000000000000002, 13.0, 1
.01, 1.44921875, 172.4609375, 100, 6.0, 15.0, 0.40000000000000002, 13.0, 2
.01, 1.455078125, 172.75390625, 100, 6.0, 15.0, 0.40000000000000002, 13.0, 1
.01, 1.4521484375, 172.607421875, 100, 6.0, 15.0, 0.40000000000000002, 13.0, 2
.01, 1.45361328125, 172.6806640625, 100, 6.0, 15.0, 0.40000000000000002, 13.0, 1
.01, 1.452880859375, 172.64404296875, 100, 6.0, 15.0, 0.40000000000000002, 13.0, 1
.01, 1.4525146484375, 172.625732421875, 100, 6.0, 15.0, 0.40000000000000002, 13.0, 2
.01, 1.45269775390625, 172.6348876953125, 100, 6.0, 15.0, 0.40000000000000002, 13.0, 1
.01, 1.452606201171875, 172.63031005859375, 100, 6.0, 15.0, 0.40000000000000002, 13.0, 1
.01, 1.4525604248046875, 172.62802124023438, 100, 6.0, 15.0, 0.40000000000000002, 13.0, 2
.01, 1.4525833129882812, 172.62916564941406, 100, 6.0, 15.0, 0.40000000000000002, 13.0, 2
.01, 1.4525947570800781, 172.6297378540039, 100, 6.0, 15.0, 0.40000000000000002, 13.0, 1
.01, 1.4525890350341797, 172.62945175170898, 100, 6.0, 15.0, 0.40000000000000002, 13.0, 2
.01, 1.452591896057129, 172.62959480285645, 100, 6.0, 15.0, 0.40000000000000002, 13.0, 2
.01, 1.4525933265686035, 172.62966632843018, 100, 6.0, 15.0, 0.40000000000000002, 13.0, 2
.01, 1.4525940418243408, 172.62970209121704, 100, 6.0, 15.0, 0.40000000000000002, 13.0, 1
.01, 1.4525936841964722, 172.6296842098236, 100, 6.0, 15.0, 0.40000000000000002, 13.0, 2
.01, 1.4525938630104065, 172.62969315052032, 100, 6.0, 15.0, 0.40000000000000002, 13.0, 1
.01, 1.4525937736034393, 172.62968868017197, 100, 6.0, 15.0, 0.40000000000000002, 13.0, 2
.01, 1.452593818306923, 172.62969091534615, 100, 6.0, 15.0, 0.40000000000000002, 13.0, 3
.01, 1.25, 162.5, 100, 7.0, 14.0, 0.5, 13.0, 2
.01, 1.625, 181.25, 100, 7.0, 14.0, 0.5, 13.0, 1
.01, 1.4375, 171.875, 100, 7.0, 14.0, 0.5, 13.0, 1
.01, 1.34375, 167.1875, 100, 7.0, 14.0, 0.5, 13.0, 2
.01, 1.390625, 169.53125, 100, 7.0, 14.0, 0.5, 13.0, 2
.01, 1.4140625, 170.703125, 100, 7.0, 14.0, 0.5, 13.0, 1
.01, 1.40234375, 170.1171875, 100, 7.0, 14.0, 0.5, 13.0, 2
.01, 1.408203125, 170.41015625, 100, 7.0, 14.0, 0.5, 13.0, 1
.01, 1.4052734375, 170.263671875, 100, 7.0, 14.0, 0.5, 13.0, 1
.01, 1.40380859375, 170.1904296875, 100, 7.0, 14.0, 0.5, 13.0, 2
.01, 1.404541015625, 170.22705078125, 100, 7.0, 14.0, 0.5, 13.0, 2
.01, 1.4049072265625, 170.245361328125, 100, 7.0, 14.0, 0.5, 13.0, 2
.01, 1.40509033203125, 170.2545166015625, 100, 7.0, 14.0, 0.5, 13.0, 2
.01, 1.405181884765625, 170.25909423828125, 100, 7.0, 14.0, 0.5, 13.0, 1
.01, 1.4051361083984375, 170.25680541992188, 100, 7.0, 14.0, 0.5, 13.0, 1
.01, 1.4051132202148438, 170.2556610107422, 100, 7.0, 14.0, 0.5, 13.0, 1
.01, 1.4051017761230469, 170.25508880615234, 100, 7.0, 14.0, 0.5, 13.0, 1
.01, 1.4050960540771484, 170.25480270385742, 100, 7.0, 14.0, 0.5, 13.0, 2
.01, 1.4050989151000977, 170.25494575500488, 100, 7.0, 14.0, 0.5, 13.0, 1
.01, 1.405097484588623, 170.25487422943115, 100, 7.0, 14.0, 0.5, 13.0, 1
.01, 1.4050967693328857, 170.2548384666443, 100, 7.0, 14.0, 0.5, 13.0, 2
.01, 1.4050971269607544, 170.25485634803772, 100, 7.0, 14.0, 0.5, 13.0, 1
.01, 1.40509694814682, 170.254847407341, 100, 7.0, 14.0, 0.5, 13.0, 2
.01, 1.4050970375537872, 170.25485187768936, 100, 7.0, 14.0, 0.5, 13.0, 1
.01, 1.4050969928503036, 170.25484964251518, 100, 7.0, 14.0, 0.5, 13.0, 3
.01, 1.25, 162.5, 100, 8.0, 13.0, 0.61538461538461542, 13.0, 2
.01, 1.625, 181.25, 100, 8.0, 13.0, 0.61538461538461542, 13.0, 1
.01, 1.4375, 171.875, 100, 8.0, 13.0, 0.61538461538461542, 13.0, 1
.01, 1.34375, 167.1875, 100, 8.0, 13.0, 0.61538461538461542, 13.0, 2
.01, 1.390625, 169.53125, 100, 8.0, 13.0, 0.61538461538461542, 13.0, 1
.01, 1.3671875, 168.359375, 100, 8.0, 13.0, 0.61538461538461542, 13.0, 1
.01, 1.35546875, 167.7734375, 100, 8.0, 13.0, 0.61538461538461542, 13.0, 2
.01, 1.361328125, 168.06640625, 100, 8.0, 13.0, 0.61538461538461542, 13.0, 1
.01, 1.3583984375, 167.919921875, 100, 8.0, 13.0, 0.61538461538461542, 13.0, 2
.01, 1.35986328125, 167.9931640625, 100, 8.0, 13.0, 0.61538461538461542, 13.0, 2
.01, 1.360595703125, 168.02978515625, 100, 8.0, 13.0, 0.61538461538461542, 13.0, 2
.01, 1.3609619140625, 168.048095703125, 100, 8.0, 13.0, 0.61538461538461542, 13.0, 2
.01, 1.36114501953125, 168.0572509765625, 100, 8.0, 13.0, 0.61538461538461542, 13.0, 2
.01, 1.361236572265625, 168.06182861328125, 100, 8.0, 13.0, 0.61538461538461542, 13.0, 1
.01, 1.3611907958984375, 168.05953979492188, 100, 8.0, 13.0, 0.61538461538461542, 13.0, 1
.01, 1.3611679077148438, 168.0583953857422, 100, 8.0, 13.0, 0.61538461538461542, 13.0, 1
.01, 1.3611564636230469, 168.05782318115234, 100, 8.0, 13.0, 0.61538461538461542, 13.0, 1
.01, 1.3611507415771484, 168.05753707885742, 100, 8.0, 13.0, 0.61538461538461542, 13.0, 2
.01, 1.3611536026000977, 168.05768013000488, 100, 8.0, 13.0, 0.61538461538461542, 13.0, 2
.01, 1.3611550331115723, 168.0577516555786, 100, 8.0, 13.0, 0.61538461538461542, 13.0, 1
.01, 1.361154317855835, 168.05771589279175, 100, 8.0, 13.0, 0.61538461538461542, 13.0, 2
.01, 1.3611546754837036, 168.05773377418518, 100, 8.0, 13.0, 0.61538461538461542, 13.0, 1
.01, 1.3611544966697693, 168.05772483348846, 100, 8.0, 13.0, 0.61538461538461542, 13.0, 1
.01, 1.3611544072628021, 168.0577203631401, 100, 8.0, 13.0, 0.61538461538461542, 13.0, 2
.01, 1.3611544519662857, 168.05772259831429, 100, 8.0, 13.0, 0.61538461538461542, 13.0, 3
.01, 1.25, 162.5, 100, 9.0, 12.0, 0.75, 13.0, 2
.01, 1.625, 181.25, 100, 9.0, 12.0, 0.75, 13.0, 1
.01, 1.4375, 171.875, 100, 9.0, 12.0, 0.75, 13.0, 1
.01, 1.34375, 167.1875, 100, 9.0, 12.0, 0.75, 13.0, 1
.01, 1.296875, 164.84375, 100, 9.0, 12.0, 0.75, 13.0, 2
.01, 1.3203125, 166.015625, 100, 9.0, 12.0, 0.75, 13.0, 1
.01, 1.30859375, 165.4296875, 100, 9.0, 12.0, 0.75, 13.0, 2
.01, 1.314453125, 165.72265625, 100, 9.0, 12.0, 0.75, 13.0, 2
.01, 1.3173828125, 165.869140625, 100, 9.0, 12.0, 0.75, 13.0, 2
.01, 1.31884765625, 165.9423828125, 100, 9.0, 12.0, 0.75, 13.0, 2
.01, 1.319580078125, 165.97900390625, 100, 9.0, 12.0, 0.75, 13.0, 2
.01, 1.3199462890625, 165.997314453125, 100, 9.0, 12.0, 0.75, 13.0, 1
.01, 1.31976318359375, 165.9881591796875, 100, 9.0, 12.0, 0.75, 13.0, 1
.01, 1.319671630859375, 165.98358154296875, 100, 9.0, 12.0, 0.75, 13.0, 2
.01, 1.3197174072265625, 165.98587036132812, 100, 9.0, 12.0, 0.75, 13.0, 1
.01, 1.3196945190429688, 165.98472595214844, 100, 9.0, 12.0, 0.75, 13.0, 1
.01, 1.3196830749511719, 165.9841537475586, 100, 9.0, 12.0, 0.75, 13.0, 2
.01, 1.3196887969970703, 165.98443984985352, 100, 9.0, 12.0, 0.75, 13.0, 2
.01, 1.3196916580200195, 165.98458290100098, 100, 9.0, 12.0, 0.75, 13.0, 1
.01, 1.319690227508545, 165.98451137542725, 100, 9.0, 12.0, 0.75, 13.0, 1
.01, 1.3196895122528076, 165.98447561264038, 100, 9.0, 12.0, 0.75, 13.0, 2
.01, 1.3196898698806763, 165.9844934940338, 100, 9.0, 12.0, 0.75, 13.0, 1
.01, 1.319689691066742, 165.9844845533371, 100, 9.0, 12.0, 0.75, 13.0, 1
.01, 1.3196896016597748, 165.98448008298874, 100, 9.0, 12.0, 0.75, 13.0, 2
.01, 1.3196896463632584, 165.98448231816292, 100, 9.0, 12.0, 0.75, 13.0, 3
.01, 1.25, 162.5, 100, 10.0, 11.0, 0.90909090909090906, 13.0, 2
.01, 1.625, 181.25, 100, 10.0, 11.0, 0.90909090909090906, 13.0, 1
.01, 1.4375, 171.875, 100, 10.0, 11.0, 0.90909090909090906, 13.0, 1
.01, 1.34375, 167.1875, 100, 10.0, 11.0, 0.90909090909090906, 13.0, 1
.01, 1.296875, 164.84375, 100, 10.0, 11.0, 0.90909090909090906, 13.0, 1
.01, 1.2734375, 163.671875, 100, 10.0, 11.0, 0.90909090909090906, 13.0, 2
.01, 1.28515625, 164.2578125, 100, 10.0, 11.0, 0.90909090909090906, 13.0, 1
.01, 1.279296875, 163.96484375, 100, 10.0, 11.0, 0.90909090909090906, 13.0, 2
.01, 1.2822265625, 164.111328125, 100, 10.0, 11.0, 0.90909090909090906, 13.0, 1
.01, 1.28076171875, 164.0380859375, 100, 10.0, 11.0, 0.90909090909090906, 13.0, 1
.01, 1.280029296875, 164.00146484375, 100, 10.0, 11.0, 0.90909090909090906, 13.0, 1
.01, 1.2796630859375, 163.983154296875, 100, 10.0, 11.0, 0.90909090909090906, 13.0, 2
.01, 1.27984619140625, 163.9923095703125, 100, 10.0, 11.0, 0.90909090909090906, 13.0, 2
.01, 1.279937744140625, 163.99688720703125, 100, 10.0, 11.0, 0.90909090909090906, 13.0, 1
.01, 1.2798919677734375, 163.99459838867188, 100, 10.0, 11.0, 0.90909090909090906, 13.0, 2
.01, 1.2799148559570312, 163.99574279785156, 100, 10.0, 11.0, 0.90909090909090906, 13.0, 1
.01, 1.2799034118652344, 163.99517059326172, 100, 10.0, 11.0, 0.90909090909090906, 13.0, 1
.01, 1.279897689819336, 163.9948844909668, 100, 10.0, 11.0, 0.90909090909090906, 13.0, 2
.01, 1.2799005508422852, 163.99502754211426, 100, 10.0, 11.0, 0.90909090909090906, 13.0, 1
.01, 1.2798991203308105, 163.99495601654053, 100, 10.0, 11.0, 0.90909090909090906, 13.0, 2
.01, 1.2798998355865479, 163.9949917793274, 100, 10.0, 11.0, 0.90909090909090906, 13.0, 1
.01, 1.2798994779586792, 163.99497389793396, 100, 10.0, 11.0, 0.90909090909090906, 13.0, 2
.01, 1.2798996567726135, 163.99498283863068, 100, 10.0, 11.0, 0.90909090909090906, 13.0, 2
.01, 1.2798997461795807, 163.99498730897903, 100, 10.0, 11.0, 0.90909090909090906, 13.0, 2
.01, 1.2798997908830643, 163.9949895441532, 100, 10.0, 11.0, 0.90909090909090906, 13.0, 3
.01, 1.25, 162.5, 100, 11.0, 10.0, 1.1000000000000001, 13.0, 1
.01, 0.875, 143.75, 100, 11.0, 10.0, 1.1000000000000001, 13.0, 2
.01, 1.0625, 153.125, 100, 11.0, 10.0, 1.1000000000000001, 13.0, 2
.01, 1.15625, 157.8125, 100, 11.0, 10.0, 1.1000000000000001, 13.0, 2
.01, 1.203125, 160.15625, 100, 11.0, 10.0, 1.1000000000000001, 13.0, 2
.01, 1.2265625, 161.328125, 100, 11.0, 10.0, 1.1000000000000001, 13.0, 2
.01, 1.23828125, 161.9140625, 100, 11.0, 10.0, 1.1000000000000001, 13.0, 2
.01, 1.244140625, 162.20703125, 100, 11.0, 10.0, 1.1000000000000001, 13.0, 1
.01, 1.2412109375, 162.060546875, 100, 11.0, 10.0, 1.1000000000000001, 13.0, 1
.01, 1.23974609375, 161.9873046875, 100, 11.0, 10.0, 1.1000000000000001, 13.0, 2
.01, 1.240478515625, 162.02392578125, 100, 11.0, 10.0, 1.1000000000000001, 13.0, 2
.01, 1.2408447265625, 162.042236328125, 100, 11.0, 10.0, 1.1000000000000001, 13.0, 2
.01, 1.24102783203125, 162.0513916015625, 100, 11.0, 10.0, 1.1000000000000001, 13.0, 2
.01, 1.241119384765625, 162.05596923828125, 100, 11.0, 10.0, 1.1000000000000001, 13.0, 2
.01, 1.2411651611328125, 162.05825805664062, 100, 11.0, 10.0, 1.1000000000000001, 13.0, 1
.01, 1.2411422729492188, 162.05711364746094, 100, 11.0, 10.0, 1.1000000000000001, 13.0, 1
.01, 1.2411308288574219, 162.0565414428711, 100, 11.0, 10.0, 1.1000000000000001, 13.0, 2
.01, 1.2411365509033203, 162.05682754516602, 100, 11.0, 10.0, 1.1000000000000001, 13.0, 2
.01, 1.2411394119262695, 162.05697059631348, 100, 11.0, 10.0, 1.1000000000000001, 13.0, 2
.01, 1.2411408424377441, 162.0570421218872, 100, 11.0, 10.0, 1.1000000000000001, 13.0, 1
.01, 1.2411401271820068, 162.05700635910034, 100, 11.0, 10.0, 1.1000000000000001, 13.0, 1
.01, 1.2411397695541382, 162.0569884777069, 100, 11.0, 10.0, 1.1000000000000001, 13.0, 2
.01, 1.2411399483680725, 162.05699741840363, 100, 11.0, 10.0, 1.1000000000000001, 13.0, 1
.01, 1.2411398589611053, 162.05699294805527, 100, 11.0, 10.0, 1.1000000000000001, 13.0, 1
.01, 1.2411398142576218, 162.0569907128811, 100, 11.0, 10.0, 1.1000000000000001, 13.0, 3
.01, 1.25, 162.5, 100, 12.0, 9.0, 1.3333333333333333, 13.0, 1
.01, 0.875, 143.75, 100, 12.0, 9.0, 1.3333333333333333, 13.0, 2
.01, 1.0625, 153.125, 100, 12.0, 9.0, 1.3333333333333333, 13.0, 2
.01, 1.15625, 157.8125, 100, 12.0, 9.0, 1.3333333333333333, 13.0, 2
.01, 1.203125, 160.15625, 100, 12.0, 9.0, 1.3333333333333333, 13.0, 1
.01, 1.1796875, 158.984375, 100, 12.0, 9.0, 1.3333333333333333, 13.0, 2
.01, 1.19140625, 159.5703125, 100, 12.0, 9.0, 1.3333333333333333, 13.0, 2
.01, 1.197265625, 159.86328125, 100, 12.0, 9.0, 1.3333333333333333, 13.0, 2
.01, 1.2001953125, 160.009765625, 100, 12.0, 9.0, 1.3333333333333333, 13.0, 2
.01, 1.20166015625, 160.0830078125, 100, 12.0, 9.0, 1.3333333333333333, 13.0, 2
.01, 1.202392578125, 160.11962890625, 100, 12.0, 9.0, 1.3333333333333333, 13.0, 2
.01, 1.2027587890625, 160.137939453125, 100, 12.0, 9.0, 1.3333333333333333, 13.0, 2
.01, 1.20294189453125, 160.1470947265625, 100, 12.0, 9.0, 1.3333333333333333, 13.0, 1
.01, 1.202850341796875, 160.14251708984375, 100, 12.0, 9.0, 1.3333333333333333, 13.0, 1
.01, 1.2028045654296875, 160.14022827148438, 100, 12.0, 9.0, 1.3333333333333333, 13.0, 2
.01, 1.2028274536132812, 160.14137268066406, 100, 12.0, 9.0, 1.3333333333333333, 13.0, 2
.01, 1.2028388977050781, 160.1419448852539, 100, 12.0, 9.0, 1.3333333333333333, 13.0, 2
.01, 1.2028446197509766, 160.14223098754883, 100, 12.0, 9.0, 1.3333333333333333, 13.0, 2
.01, 1.2028474807739258, 160.1423740386963, 100, 12.0, 9.0, 1.3333333333333333, 13.0, 2
.01, 1.2028489112854004, 160.14244556427002, 100, 12.0, 9.0, 1.3333333333333333, 13.0, 1
.01, 1.202848196029663, 160.14240980148315, 100, 12.0, 9.0, 1.3333333333333333, 13.0, 2
.01, 1.2028485536575317, 160.1424276828766, 100, 12.0, 9.0, 1.3333333333333333, 13.0, 1
.01, 1.2028483748435974, 160.14241874217987, 100, 12.0, 9.0, 1.3333333333333333, 13.0, 2
.01, 1.2028484642505646, 160.14242321252823, 100, 12.0, 9.0, 1.3333333333333333, 13.0, 1
.01, 1.202848419547081, 160.14242097735405, 100, 12.0, 9.0, 1.3333333333333333, 13.0, 3
.01, 1.25, 162.5, 100, 13.0, 8.0, 1.625, 13.0, 1
.01, 0.875, 143.75, 100, 13.0, 8.0, 1.625, 13.0, 2
.01, 1.0625, 153.125, 100, 13.0, 8.0, 1.625, 13.0, 2
.01, 1.15625, 157.8125, 100, 13.0, 8.0, 1.625, 13.0, 2
.01, 1.203125, 160.15625, 100, 13.0, 8.0, 1.625, 13.0, 1
.01, 1.1796875, 158.984375, 100, 13.0, 8.0, 1.625, 13.0, 1
.01, 1.16796875, 158.3984375, 100, 13.0, 8.0, 1.625, 13.0, 1
.01, 1.162109375, 158.10546875, 100, 13.0, 8.0, 1.625, 13.0, 2
.01, 1.1650390625, 158.251953125, 100, 13.0, 8.0, 1.625, 13.0, 1
.01, 1.16357421875, 158.1787109375, 100, 13.0, 8.0, 1.625, 13.0, 2
.01, 1.164306640625, 158.21533203125, 100, 13.0, 8.0, 1.625, 13.0, 2
.01, 1.1646728515625, 158.233642578125, 100, 13.0, 8.0, 1.625, 13.0, 1
.01, 1.16448974609375, 158.2244873046875, 100, 13.0, 8.0, 1.625, 13.0, 2
.01, 1.164581298828125, 158.22906494140625, 100, 13.0, 8.0, 1.625, 13.0, 1
.01, 1.1645355224609375, 158.22677612304688, 100, 13.0, 8.0, 1.625, 13.0, 1
.01, 1.1645126342773438, 158.2256317138672, 100, 13.0, 8.0, 1.625, 13.0, 1
.01, 1.1645011901855469, 158.22505950927734, 100, 13.0, 8.0, 1.625, 13.0, 1
.01, 1.1644954681396484, 158.22477340698242, 100, 13.0, 8.0, 1.625, 13.0, 1
.01, 1.1644926071166992, 158.22463035583496, 100, 13.0, 8.0, 1.625, 13.0, 2
.01, 1.1644940376281738, 158.2247018814087, 100, 13.0, 8.0, 1.625, 13.0, 1
.01, 1.1644933223724365, 158.22466611862183, 100, 13.0, 8.0, 1.625, 13.0, 2
.01, 1.1644936800003052, 158.22468400001526, 100, 13.0, 8.0, 1.625, 13.0, 1
.01, 1.1644935011863708, 158.22467505931854, 100, 13.0, 8.0, 1.625, 13.0, 2
.01, 1.164493590593338, 158.2246795296669, 100, 13.0, 8.0, 1.625, 13.0, 2
.01, 1.1644936352968216, 158.22468176484108, 100, 13.0, 8.0, 1.625, 13.0, 3
.01, 1.25, 162.5, 100, 14.0, 7.0, 2.0, 13.0, 1
.01, 0.875, 143.75, 100, 14.0, 7.0, 2.0, 13.0, 2
.01, 1.0625, 153.125, 100, 14.0, 7.0, 2.0, 13.0, 2
.01, 1.15625, 157.8125, 100, 14.0, 7.0, 2.0, 13.0, 1
.01, 1.109375, 155.46875, 100, 14.0, 7.0, 2.0, 13.0, 2
.01, 1.1328125, 156.640625, 100, 14.0, 7.0, 2.0, 13.0, 1
.01, 1.12109375, 156.0546875, 100, 14.0, 7.0, 2.0, 13.0, 2
.01, 1.126953125, 156.34765625, 100, 14.0, 7.0, 2.0, 13.0, 1
.01, 1.1240234375, 156.201171875, 100, 14.0, 7.0, 2.0, 13.0, 2
.01, 1.12548828125, 156.2744140625, 100, 14.0, 7.0, 2.0, 13.0, 2
.01, 1.126220703125, 156.31103515625, 100, 14.0, 7.0, 2.0, 13.0, 1
.01, 1.1258544921875, 156.292724609375, 100, 14.0, 7.0, 2.0, 13.0, 1
.01, 1.12567138671875, 156.2835693359375, 100, 14.0, 7.0, 2.0, 13.0, 1
.01, 1.125579833984375, 156.27899169921875, 100, 14.0, 7.0, 2.0, 13.0, 1
.01, 1.1255340576171875, 156.27670288085938, 100, 14.0, 7.0, 2.0, 13.0, 1
.01, 1.1255111694335938, 156.2755584716797, 100, 14.0, 7.0, 2.0, 13.0, 2
.01, 1.1255226135253906, 156.27613067626953, 100, 14.0, 7.0, 2.0, 13.0, 1
.01, 1.1255168914794922, 156.2758445739746, 100, 14.0, 7.0, 2.0, 13.0, 2
.01, 1.1255197525024414, 156.27598762512207, 100, 14.0, 7.0, 2.0, 13.0, 2
.01, 1.125521183013916, 156.2760591506958, 100, 14.0, 7.0, 2.0, 13.0, 2
.01, 1.1255218982696533, 156.27609491348267, 100, 14.0, 7.0, 2.0, 13.0, 1
.01, 1.1255215406417847, 156.27607703208923, 100, 14.0, 7.0, 2.0, 13.0, 1
.01, 1.1255213618278503, 156.27606809139252, 100, 14.0, 7.0, 2.0, 13.0, 2
.01, 1.1255214512348175, 156.27607256174088, 100, 14.0, 7.0, 2.0, 13.0, 1
.01, 1.125521406531334, 156.2760703265667, 100, 14.0, 7.0, 2.0, 13.0, 3
.01, 1.25, 162.5, 100, 15.0, 6.0, 2.5, 13.0, 1
.01, 0.875, 143.75, 100, 15.0, 6.0, 2.5, 13.0, 2
.01, 1.0625, 153.125, 100, 15.0, 6.0, 2.5, 13.0, 2
.01, 1.15625, 157.8125, 100, 15.0, 6.0, 2.5, 13.0, 1
.01, 1.109375, 155.46875, 100, 15.0, 6.0, 2.5, 13.0, 1
.01, 1.0859375, 154.296875, 100, 15.0, 6.0, 2.5, 13.0, 1
.01, 1.07421875, 153.7109375, 100, 15.0, 6.0, 2.5, 13.0, 2
.01, 1.080078125, 154.00390625, 100, 15.0, 6.0, 2.5, 13.0, 2
.01, 1.0830078125, 154.150390625, 100, 15.0, 6.0, 2.5, 13.0, 2
.01, 1.08447265625, 154.2236328125, 100, 15.0, 6.0, 2.5, 13.0, 2
.01, 1.085205078125, 154.26025390625, 100, 15.0, 6.0, 2.5, 13.0, 2
.01, 1.0855712890625, 154.278564453125, 100, 15.0, 6.0, 2.5, 13.0, 1
.01, 1.08538818359375, 154.2694091796875, 100, 15.0, 6.0, 2.5, 13.0, 1
.01, 1.085296630859375, 154.26483154296875, 100, 15.0, 6.0, 2.5, 13.0, 1
.01, 1.0852508544921875, 154.26254272460938, 100, 15.0, 6.0, 2.5, 13.0, 2
.01, 1.0852737426757812, 154.26368713378906, 100, 15.0, 6.0, 2.5, 13.0, 2
.01, 1.0852851867675781, 154.2642593383789, 100, 15.0, 6.0, 2.5, 13.0, 2
.01, 1.0852909088134766, 154.26454544067383, 100, 15.0, 6.0, 2.5, 13.0, 2
.01, 1.0852937698364258, 154.2646884918213, 100, 15.0, 6.0, 2.5, 13.0, 2
.01, 1.0852952003479004, 154.26476001739502, 100, 15.0, 6.0, 2.5, 13.0, 2
.01, 1.0852959156036377, 154.26479578018188, 100, 15.0, 6.0, 2.5, 13.0, 1
.01, 1.085295557975769, 154.26477789878845, 100, 15.0, 6.0, 2.5, 13.0, 2
.01, 1.0852957367897034, 154.26478683948517, 100, 15.0, 6.0, 2.5, 13.0, 2
.01, 1.0852958261966705, 154.26479130983353, 100, 15.0, 6.0, 2.5, 13.0, 2
.01, 1.0852958709001541, 154.2647935450077, 100, 15.0, 6.0, 2.5, 13.0, 3
.01, 1.25, 162.5, 100, 16.0, 5.0, 3.2000000000000002, 13.0, 1
.01, 0.875, 143.75, 100, 16.0, 5.0, 3.2000000000000002, 13.0, 2
.01, 1.0625, 153.125, 100, 16.0, 5.0, 3.2000000000000002, 13.0, 1
.01, 0.96875, 148.4375, 100, 16.0, 5.0, 3.2000000000000002, 13.0, 2
.01, 1.015625, 150.78125, 100, 16.0, 5.0, 3.2000000000000002, 13.0, 2
.01, 1.0390625, 151.953125, 100, 16.0, 5.0, 3.2000000000000002, 13.0, 2
.01, 1.05078125, 152.5390625, 100, 16.0, 5.0, 3.2000000000000002, 13.0, 1
.01, 1.044921875, 152.24609375, 100, 16.0, 5.0, 3.2000000000000002, 13.0, 1
.01, 1.0419921875, 152.099609375, 100, 16.0, 5.0, 3.2000000000000002, 13.0, 2
.01, 1.04345703125, 152.1728515625, 100, 16.0, 5.0, 3.2000000000000002, 13.0, 1
.01, 1.042724609375, 152.13623046875, 100, 16.0, 5.0, 3.2000000000000002, 13.0, 2
.01, 1.0430908203125, 152.154541015625, 100, 16.0, 5.0, 3.2000000000000002, 13.0, 1
.01, 1.04290771484375, 152.1453857421875, 100, 16.0, 5.0, 3.2000000000000002, 13.0, 2
.01, 1.042999267578125, 152.14996337890625, 100, 16.0, 5.0, 3.2000000000000002, 13.0, 2
.01, 1.0430450439453125, 152.15225219726562, 100, 16.0, 5.0, 3.2000000000000002, 13.0, 1
.01, 1.0430221557617188, 152.15110778808594, 100, 16.0, 5.0, 3.2000000000000002, 13.0, 1
.01, 1.0430107116699219, 152.1505355834961, 100, 16.0, 5.0, 3.2000000000000002, 13.0, 1
.01, 1.0430049896240234, 152.15024948120117, 100, 16.0, 5.0, 3.2000000000000002, 13.0, 2
.01, 1.0430078506469727, 152.15039253234863, 100, 16.0, 5.0, 3.2000000000000002, 13.0, 2
.01, 1.0430092811584473, 152.15046405792236, 100, 16.0, 5.0, 3.2000000000000002, 13.0, 1
.01, 1.04300856590271, 152.1504282951355, 100, 16.0, 5.0, 3.2000000000000002, 13.0, 2
.01, 1.0430089235305786, 152.15044617652893, 100, 16.0, 5.0, 3.2000000000000002, 13.0, 2
.01, 1.043009102344513, 152.15045511722565, 100, 16.0, 5.0, 3.2000000000000002, 13.0, 1
.01, 1.0430090129375458, 152.1504506468773, 100, 16.0, 5.0, 3.2000000000000002, 13.0, 1
.01, 1.0430089682340622, 152.1504484117031, 100, 16.0, 5.0, 3.2000000000000002, 13.0, 3
.01, 1.25, 162.5, 100, 17.0, 4.0, 4.25, 13.0, 1
.01, 0.875, 143.75, 100, 17.0, 4.0, 4.25, 13.0, 2
.01, 1.0625, 153.125, 100, 17.0, 4.0, 4.25, 13.0, 1
.01, 0.96875, 148.4375, 100, 17.0, 4.0, 4.25, 13.0, 2
.01, 1.015625, 150.78125, 100, 17.0, 4.0, 4.25, 13.0, 1
.01, 0.9921875, 149.609375, 100, 17.0, 4.0, 4.25, 13.0, 2
.01, 1.00390625, 150.1953125, 100, 17.0, 4.0, 4.25, 13.0, 1
.01, 0.998046875, 149.90234375, 100, 17.0, 4.0, 4.25, 13.0, 1
.01, 0.9951171875, 149.755859375, 100, 17.0, 4.0, 4.25, 13.0, 2
.01, 0.99658203125, 149.8291015625, 100, 17.0, 4.0, 4.25, 13.0, 2
.01, 0.997314453125, 149.86572265625, 100, 17.0, 4.0, 4.25, 13.0, 2
.01, 0.9976806640625, 149.884033203125, 100, 17.0, 4.0, 4.25, 13.0, 1
.01, 0.99749755859375, 149.8748779296875, 100, 17.0, 4.0, 4.25, 13.0, 2
.01, 0.997589111328125, 149.87945556640625, 100, 17.0, 4.0, 4.25, 13.0, 1
.01, 0.9975433349609375, 149.87716674804688, 100, 17.0, 4.0, 4.25, 13.0, 1
.01, 0.9975204467773438, 149.8760223388672, 100, 17.0, 4.0, 4.25, 13.0, 1
.01, 0.9975090026855469, 149.87545013427734, 100, 17.0, 4.0, 4.25, 13.0, 2
.01, 0.9975147247314453, 149.87573623657227, 100, 17.0, 4.0, 4.25, 13.0, 2
.01, 0.9975175857543945, 149.87587928771973, 100, 17.0, 4.0, 4.25, 13.0, 1
.01, 0.9975161552429199, 149.875807762146, 100, 17.0, 4.0, 4.25, 13.0, 2
.01, 0.9975168704986572, 149.87584352493286, 100, 17.0, 4.0, 4.25, 13.0, 2
.01, 0.9975172281265259, 149.8758614063263, 100, 17.0, 4.0, 4.25, 13.0, 1
.01, 0.9975170493125916, 149.87585246562958, 100, 17.0, 4.0, 4.25, 13.0, 2
.01, 0.9975171387195587, 149.87585693597794, 100, 17.0, 4.0, 4.25, 13.0, 2
.01, 0.9975171834230423, 149.87585917115211, 100, 17.0, 4.0, 4.25, 13.0, 3
.01, 1.25, 162.5, 100, 18.0, 3.0, 6.0, 13.0, 1
.01, 0.875, 143.75, 100, 18.0, 3.0, 6.0, 13.0, 2
.01, 1.0625, 153.125, 100, 18.0, 3.0, 6.0, 13.0, 1
.01, 0.96875, 148.4375, 100, 18.0, 3.0, 6.0, 13.0, 1
.01, 0.921875, 146.09375, 100, 18.0, 3.0, 6.0, 13.0, 2
.01, 0.9453125, 147.265625, 100, 18.0, 3.0, 6.0, 13.0, 2
.01, 0.95703125, 147.8515625, 100, 18.0, 3.0, 6.0, 13.0, 1
.01, 0.951171875, 147.55859375, 100, 18.0, 3.0, 6.0, 13.0, 1
.01, 0.9482421875, 147.412109375, 100, 18.0, 3.0, 6.0, 13.0, 1
.01, 0.94677734375, 147.3388671875, 100, 18.0, 3.0, 6.0, 13.0, 2
.01, 0.947509765625, 147.37548828125, 100, 18.0, 3.0, 6.0, 13.0, 1
.01, 0.9471435546875, 147.357177734375, 100, 18.0, 3.0, 6.0, 13.0, 1
.01, 0.94696044921875, 147.3480224609375, 100, 18.0, 3.0, 6.0, 13.0, 2
.01, 0.947052001953125, 147.35260009765625, 100, 18.0, 3.0, 6.0, 13.0, 1
.01, 0.9470062255859375, 147.35031127929688, 100, 18.0, 3.0, 6.0, 13.0, 1
.01, 0.9469833374023438, 147.3491668701172, 100, 18.0, 3.0, 6.0, 13.0, 2
.01, 0.9469947814941406, 147.34973907470703, 100, 18.0, 3.0, 6.0, 13.0, 1
.01, 0.9469890594482422, 147.3494529724121, 100, 18.0, 3.0, 6.0, 13.0, 1
.01, 0.946986198425293, 147.34930992126465, 100, 18.0, 3.0, 6.0, 13.0, 2
.01, 0.9469876289367676, 147.34938144683838, 100, 18.0, 3.0, 6.0, 13.0, 2
.01, 0.9469883441925049, 147.34941720962524, 100, 18.0, 3.0, 6.0, 13.0, 2
.01, 0.9469887018203735, 147.34943509101868, 100, 18.0, 3.0, 6.0, 13.0, 1
.01, 0.9469885230064392, 147.34942615032196, 100, 18.0, 3.0, 6.0, 13.0, 2
.01, 0.9469886124134064, 147.34943062067032, 100, 18.0, 3.0, 6.0, 13.0, 2
.01, 0.94698865711689, 147.3494328558445, 100, 18.0, 3.0, 6.0, 13.0, 3
.01, 1.25, 162.5, 100, 19.0, 2.0, 9.5, 13.0, 1
.01, 0.875, 143.75, 100, 19.0, 2.0, 9.5, 13.0, 2
.01, 1.0625, 153.125, 100, 19.0, 2.0, 9.5, 13.0, 1
.01, 0.96875, 148.4375, 100, 19.0, 2.0, 9.5, 13.0, 1
.01, 0.921875, 146.09375, 100, 19.0, 2.0, 9.5, 13.0, 1
.01, 0.8984375, 144.921875, 100, 19.0, 2.0, 9.5, 13.0, 1
.01, 0.88671875, 144.3359375, 100, 19.0, 2.0, 9.5, 13.0, 2
.01, 0.892578125, 144.62890625, 100, 19.0, 2.0, 9.5, 13.0, 1
.01, 0.8896484375, 144.482421875, 100, 19.0, 2.0, 9.5, 13.0, 1
.01, 0.88818359375, 144.4091796875, 100, 19.0, 2.0, 9.5, 13.0, 1
.01, 0.887451171875, 144.37255859375, 100, 19.0, 2.0, 9.5, 13.0, 2
.01, 0.8878173828125, 144.390869140625, 100, 19.0, 2.0, 9.5, 13.0, 2
.01, 0.88800048828125, 144.4000244140625, 100, 19.0, 2.0, 9.5, 13.0, 1
.01, 0.887908935546875, 144.39544677734375, 100, 19.0, 2.0, 9.5, 13.0, 2
.01, 0.8879547119140625, 144.39773559570312, 100, 19.0, 2.0, 9.5, 13.0, 1
.01, 0.8879318237304688, 144.39659118652344, 100, 19.0, 2.0, 9.5, 13.0, 2
.01, 0.8879432678222656, 144.39716339111328, 100, 19.0, 2.0, 9.5, 13.0, 2
.01, 0.8879489898681641, 144.3974494934082, 100, 19.0, 2.0, 9.5, 13.0, 2
.01, 0.8879518508911133, 144.39759254455566, 100, 19.0, 2.0, 9.5, 13.0, 2
.01, 0.8879532814025879, 144.3976640701294, 100, 19.0, 2.0, 9.5, 13.0, 2
.01, 0.8879539966583252, 144.39769983291626, 100, 19.0, 2.0, 9.5, 13.0, 2
.01, 0.8879543542861938, 144.3977177143097, 100, 19.0, 2.0, 9.5, 13.0, 1
.01, 0.8879541754722595, 144.39770877361298, 100, 19.0, 2.0, 9.5, 13.0, 2
.01, 0.8879542648792267, 144.39771324396133, 100, 19.0, 2.0, 9.5, 13.0, 1
.01, 0.8879542201757431, 144.39771100878716, 100, 19.0, 2.0, 9.5, 13.0, 3
.01, 1.25, 162.5, 100, 20.0, 1.0, 20.0, 13.0, 1
.01, 0.875, 143.75, 100, 20.0, 1.0, 20.0, 13.0, 1
.01, 0.6875, 134.375, 100, 20.0, 1.0, 20.0, 13.0, 2
.01, 0.78125, 139.0625, 100, 20.0, 1.0, 20.0, 13.0, 2
.01, 0.828125, 141.40625, 100, 20.0, 1.0, 20.0, 13.0, 1
.01, 0.8046875, 140.234375, 100, 20.0, 1.0, 20.0, 13.0, 2
.01, 0.81640625, 140.8203125, 100, 20.0, 1.0, 20.0, 13.0, 1
.01, 0.810546875, 140.52734375, 100, 20.0, 1.0, 20.0, 13.0, 2
.01, 0.8134765625, 140.673828125, 100, 20.0, 1.0, 20.0, 13.0, 1
.01, 0.81201171875, 140.6005859375, 100, 20.0, 1.0, 20.0, 13.0, 1
.01, 0.811279296875, 140.56396484375, 100, 20.0, 1.0, 20.0, 13.0, 2
.01, 0.8116455078125, 140.582275390625, 100, 20.0, 1.0, 20.0, 13.0, 1
.01, 0.81146240234375, 140.5731201171875, 100, 20.0, 1.0, 20.0, 13.0, 2
.01, 0.811553955078125, 140.57769775390625, 100, 20.0, 1.0, 20.0, 13.0, 2
.01, 0.8115997314453125, 140.57998657226562, 100, 20.0, 1.0, 20.0, 13.0, 2
.01, 0.8116226196289062, 140.5811309814453, 100, 20.0, 1.0, 20.0, 13.0, 2
.01, 0.8116340637207031, 140.58170318603516, 100, 20.0, 1.0, 20.0, 13.0, 2
.01, 0.8116397857666016, 140.58198928833008, 100, 20.0, 1.0, 20.0, 13.0, 2
.01, 0.8116426467895508, 140.58213233947754, 100, 20.0, 1.0, 20.0, 13.0, 2
.01, 0.8116440773010254, 140.58220386505127, 100, 20.0, 1.0, 20.0, 13.0, 1
.01, 0.8116433620452881, 140.5821681022644, 100, 20.0, 1.0, 20.0, 13.0, 1
.01, 0.8116430044174194, 140.58215022087097, 100, 20.0, 1.0, 20.0, 13.0, 2
.01, 0.8116431832313538, 140.5821591615677, 100, 20.0, 1.0, 20.0, 13.0, 2
.01, 0.8116432726383209, 140.58216363191605, 100, 20.0, 1.0, 20.0, 13.0, 1
.01, 0.8116432279348373, 140.58216139674187, 100, 20.0, 1.0, 20.0, 13.0, 3
