epsilon, alpha, pop1, pop2, dif1, dif2, difratio, blobsize, winner
.01, 1.25, 162.5, 100, 1.0, 20.0, 0.050000000000000003, 19.0, 2
.01, 1.625, 181.25, 100, 1.0, 20.0, 0.050000000000000003, 19.0, 2
.01, 1.8125, 190.625, 100, 1.0, 20.0, 0.050000000000000003, 19.0, 1
.01, 1.71875, 185.9375, 100, 1.0, 20.0, 0.050000000000000003, 19.0, 2
.01, 1.765625, 188.28125, 100, 1.0, 20.0, 0.050000000000000003, 19.0, 2
.01, 1.7890625, 189.453125, 100, 1.0, 20.0, 0.050000000000000003, 19.0, 1
.01, 1.77734375, 188.8671875, 100, 1.0, 20.0, 0.050000000000000003, 19.0, 1
.01, 1.771484375, 188.57421875, 100, 1.0, 20.0, 0.050000000000000003, 19.0, 1
.01, 1.7685546875, 188.427734375, 100, 1.0, 20.0, 0.050000000000000003, 19.0, 2
.01, 1.77001953125, 188.5009765625, 100, 1.0, 20.0, 0.050000000000000003, 19.0, 2
.01, 1.770751953125, 188.53759765625, 100, 1.0, 20.0, 0.050000000000000003, 19.0, 1
.01, 1.7703857421875, 188.519287109375, 100, 1.0, 20.0, 0.050000000000000003, 19.0, 1
.01, 1.77020263671875, 188.5101318359375, 100, 1.0, 20.0, 0.050000000000000003, 19.0, 2
.01, 1.770294189453125, 188.51470947265625, 100, 1.0, 20.0, 0.050000000000000003, 19.0, 1
.01, 1.7702484130859375, 188.51242065429688, 100, 1.0, 20.0, 0.050000000000000003, 19.0, 2
.01, 1.7702713012695312, 188.51356506347656, 100, 1.0, 20.0, 0.050000000000000003, 19.0, 2
.01, 1.7702827453613281, 188.5141372680664, 100, 1.0, 20.0, 0.050000000000000003, 19.0, 1
.01, 1.7702770233154297, 188.51385116577148, 100, 1.0, 20.0, 0.050000000000000003, 19.0, 2
.01, 1.770279884338379, 188.51399421691895, 100, 1.0, 20.0, 0.050000000000000003, 19.0, 2
.01, 1.7702813148498535, 188.51406574249268, 100, 1.0, 20.0, 0.050000000000000003, 19.0, 1
.01, 1.7702805995941162, 188.5140299797058, 100, 1.0, 20.0, 0.050000000000000003, 19.0, 2
.01, 1.7702809572219849, 188.51404786109924, 100, 1.0, 20.0, 0.050000000000000003, 19.0, 2
.01, 1.7702811360359192, 188.51405680179596, 100, 1.0, 20.0, 0.050000000000000003, 19.0, 2
.01, 1.7702812254428864, 188.51406127214432, 100, 1.0, 20.0, 0.050000000000000003, 19.0, 1
.01, 1.7702811807394028, 188.51405903697014, 100, 1.0, 20.0, 0.050000000000000003, 19.0, 3
.01, 1.25, 162.5, 100, 2.0, 19.0, 0.10526315789473684, 19.0, 2
.01, 1.625, 181.25, 100, 2.0, 19.0, 0.10526315789473684, 19.0, 2
.01, 1.8125, 190.625, 100, 2.0, 19.0, 0.10526315789473684, 19.0, 1
.01, 1.71875, 185.9375, 100, 2.0, 19.0, 0.10526315789473684, 19.0, 1
.01, 1.671875, 183.59375, 100, 2.0, 19.0, 0.10526315789473684, 19.0, 1
.01, 1.6484375, 182.421875, 100, 2.0, 19.0, 0.10526315789473684, 19.0, 1
.01, 1.63671875, 181.8359375, 100, 2.0, 19.0, 0.10526315789473684, 19.0, 1
.01, 1.630859375, 181.54296875, 100, 2.0, 19.0, 0.10526315789473684, 19.0, 2
.01, 1.6337890625, 181.689453125, 100, 2.0, 19.0, 0.10526315789473684, 19.0, 2
.01, 1.63525390625, 181.7626953125, 100, 2.0, 19.0, 0.10526315789473684, 19.0, 1
.01, 1.634521484375, 181.72607421875, 100, 2.0, 19.0, 0.10526315789473684, 19.0, 1
.01, 1.6341552734375, 181.707763671875, 100, 2.0, 19.0, 0.10526315789473684, 19.0, 2
.01, 1.63433837890625, 181.7169189453125, 100, 2.0, 19.0, 0.10526315789473684, 19.0, 2
.01, 1.634429931640625, 181.72149658203125, 100, 2.0, 19.0, 0.10526315789473684, 19.0, 1
.01, 1.6343841552734375, 181.71920776367188, 100, 2.0, 19.0, 0.10526315789473684, 19.0, 1
.01, 1.6343612670898438, 181.7180633544922, 100, 2.0, 19.0, 0.10526315789473684, 19.0, 1
.01, 1.6343498229980469, 181.71749114990234, 100, 2.0, 19.0, 0.10526315789473684, 19.0, 2
.01, 1.6343555450439453, 181.71777725219727, 100, 2.0, 19.0, 0.10526315789473684, 19.0, 2
.01, 1.6343584060668945, 181.71792030334473, 100, 2.0, 19.0, 0.10526315789473684, 19.0, 2
.01, 1.6343598365783691, 181.71799182891846, 100, 2.0, 19.0, 0.10526315789473684, 19.0, 1
.01, 1.6343591213226318, 181.7179560661316, 100, 2.0, 19.0, 0.10526315789473684, 19.0, 2
.01, 1.6343594789505005, 181.71797394752502, 100, 2.0, 19.0, 0.10526315789473684, 19.0, 2
.01, 1.6343596577644348, 181.71798288822174, 100, 2.0, 19.0, 0.10526315789473684, 19.0, 1
.01, 1.6343595683574677, 181.71797841787338, 100, 2.0, 19.0, 0.10526315789473684, 19.0, 2
.01, 1.6343596130609512, 181.71798065304756, 100, 2.0, 19.0, 0.10526315789473684, 19.0, 3
.01, 1.25, 162.5, 100, 3.0, 18.0, 0.16666666666666666, 19.0, 2
.01, 1.625, 181.25, 100, 3.0, 18.0, 0.16666666666666666, 19.0, 1
.01, 1.4375, 171.875, 100, 3.0, 18.0, 0.16666666666666666, 19.0, 2
.01, 1.53125, 176.5625, 100, 3.0, 18.0, 0.16666666666666666, 19.0, 2
.01, 1.578125, 178.90625, 100, 3.0, 18.0, 0.16666666666666666, 19.0, 1
.01, 1.5546875, 177.734375, 100, 3.0, 18.0, 0.16666666666666666, 19.0, 1
.01, 1.54296875, 177.1484375, 100, 3.0, 18.0, 0.16666666666666666, 19.0, 2
.01, 1.548828125, 177.44140625, 100, 3.0, 18.0, 0.16666666666666666, 19.0, 1
.01, 1.5458984375, 177.294921875, 100, 3.0, 18.0, 0.16666666666666666, 19.0, 1
.01, 1.54443359375, 177.2216796875, 100, 3.0, 18.0, 0.16666666666666666, 19.0, 1
.01, 1.543701171875, 177.18505859375, 100, 3.0, 18.0, 0.16666666666666666, 19.0, 1
.01, 1.5433349609375, 177.166748046875, 100, 3.0, 18.0, 0.16666666666666666, 19.0, 1
.01, 1.54315185546875, 177.1575927734375, 100, 3.0, 18.0, 0.16666666666666666, 19.0, 2
.01, 1.543243408203125, 177.16217041015625, 100, 3.0, 18.0, 0.16666666666666666, 19.0, 1
.01, 1.5431976318359375, 177.15988159179688, 100, 3.0, 18.0, 0.16666666666666666, 19.0, 1
.01, 1.5431747436523438, 177.1587371826172, 100, 3.0, 18.0, 0.16666666666666666, 19.0, 2
.01, 1.5431861877441406, 177.15930938720703, 100, 3.0, 18.0, 0.16666666666666666, 19.0, 2
.01, 1.543191909790039, 177.15959548950195, 100, 3.0, 18.0, 0.16666666666666666, 19.0, 2
.01, 1.5431947708129883, 177.1597385406494, 100, 3.0, 18.0, 0.16666666666666666, 19.0, 2
.01, 1.543196201324463, 177.15981006622314, 100, 3.0, 18.0, 0.16666666666666666, 19.0, 1
.01, 1.5431954860687256, 177.15977430343628, 100, 3.0, 18.0, 0.16666666666666666, 19.0, 1
.01, 1.543195128440857, 177.15975642204285, 100, 3.0, 18.0, 0.16666666666666666, 19.0, 1
.01, 1.5431949496269226, 177.15974748134613, 100, 3.0, 18.0, 0.16666666666666666, 19.0, 2
.01, 1.5431950390338898, 177.1597519516945, 100, 3.0, 18.0, 0.16666666666666666, 19.0, 1
.01, 1.5431949943304062, 177.1597497165203, 100, 3.0, 18.0, 0.16666666666666666, 19.0, 3
.01, 1.25, 162.5, 100, 4.0, 17.0, 0.23529411764705882, 19.0, 2
.01, 1.625, 181.25, 100, 4.0, 17.0, 0.23529411764705882, 19.0, 1
.01, 1.4375, 171.875, 100, 4.0, 17.0, 0.23529411764705882, 19.0, 2
.01, 1.53125, 176.5625, 100, 4.0, 17.0, 0.23529411764705882, 19.0, 1
.01, 1.484375, 174.21875, 100, 4.0, 17.0, 0.23529411764705882, 19.0, 1
.01, 1.4609375, 173.046875, 100, 4.0, 17.0, 0.23529411764705882, 19.0, 2
.01, 1.47265625, 173.6328125, 100, 4.0, 17.0, 0.23529411764705882, 19.0, 1
.01, 1.466796875, 173.33984375, 100, 4.0, 17.0, 0.23529411764705882, 19.0, 2
.01, 1.4697265625, 173.486328125, 100, 4.0, 17.0, 0.23529411764705882, 19.0, 2
.01, 1.47119140625, 173.5595703125, 100, 4.0, 17.0, 0.23529411764705882, 19.0, 2
.01, 1.471923828125, 173.59619140625, 100, 4.0, 17.0, 0.23529411764705882, 19.0, 2
.01, 1.4722900390625, 173.614501953125, 100, 4.0, 17.0, 0.23529411764705882, 19.0, 2
.01, 1.47247314453125, 173.6236572265625, 100, 4.0, 17.0, 0.23529411764705882, 19.0, 1
.01, 1.472381591796875, 173.61907958984375, 100, 4.0, 17.0, 0.23529411764705882, 19.0, 2
.01, 1.4724273681640625, 173.62136840820312, 100, 4.0, 17.0, 0.23529411764705882, 19.0, 2
.01, 1.4724502563476562, 173.6225128173828, 100, 4.0, 17.0, 0.23529411764705882, 19.0, 2
.01, 1.4724617004394531, 173.62308502197266, 100, 4.0, 17.0, 0.23529411764705882, 19.0, 2
.01, 1.4724674224853516, 173.62337112426758, 100, 4.0, 17.0, 0.23529411764705882, 19.0, 2
.01, 1.4724702835083008, 173.62351417541504, 100, 4.0, 17.0, 0.23529411764705882, 19.0, 2
.01, 1.4724717140197754, 173.62358570098877, 100, 4.0, 17.0, 0.23529411764705882, 19.0, 2
.01, 1.4724724292755127, 173.62362146377563, 100, 4.0, 17.0, 0.23529411764705882, 19.0, 2
.01, 1.4724727869033813, 173.62363934516907, 100, 4.0, 17.0, 0.23529411764705882, 19.0, 1
.01, 1.472472608089447, 173.62363040447235, 100, 4.0, 17.0, 0.23529411764705882, 19.0, 1
.01, 1.4724725186824799, 173.623625934124, 100, 4.0, 17.0, 0.23529411764705882, 19.0, 1
.01, 1.4724724739789963, 173.6236236989498, 100, 4.0, 17.0, 0.23529411764705882, 19.0, 3
.01, 1.25, 162.5, 100, 5.0, 16.0, 0.3125, 19.0, 2
.01, 1.625, 181.25, 100, 5.0, 16.0, 0.3125, 19.0, 1
.01, 1.4375, 171.875, 100, 5.0, 16.0, 0.3125, 19.0, 1
.01, 1.34375, 167.1875, 100, 5.0, 16.0, 0.3125, 19.0, 2
.01, 1.390625, 169.53125, 100, 5.0, 16.0, 0.3125, 19.0, 2
.01, 1.4140625, 170.703125, 100, 5.0, 16.0, 0.3125, 19.0, 1
.01, 1.40234375, 170.1171875, 100, 5.0, 16.0, 0.3125, 19.0, 2
.01, 1.408203125, 170.41015625, 100, 5.0, 16.0, 0.3125, 19.0, 2
.01, 1.4111328125, 170.556640625, 100, 5.0, 16.0, 0.3125, 19.0, 2
.01, 1.41259765625, 170.6298828125, 100, 5.0, 16.0, 0.3125, 19.0, 2
.01, 1.413330078125, 170.66650390625, 100, 5.0, 16.0, 0.3125, 19.0, 2
.01, 1.4136962890625, 170.684814453125, 100, 5.0, 16.0, 0.3125, 19.0, 1
.01, 1.41351318359375, 170.6756591796875, 100, 5.0, 16.0, 0.3125, 19.0, 1
.01, 1.413421630859375, 170.67108154296875, 100, 5.0, 16.0, 0.3125, 19.0, 2
.01, 1.4134674072265625, 170.67337036132812, 100, 5.0, 16.0, 0.3125, 19.0, 2
.01, 1.4134902954101562, 170.6745147705078, 100, 5.0, 16.0, 0.3125, 19.0, 1
.01, 1.4134788513183594, 170.67394256591797, 100, 5.0, 16.0, 0.3125, 19.0, 2
.01, 1.4134845733642578, 170.6742286682129, 100, 5.0, 16.0, 0.3125, 19.0, 1
.01, 1.4134817123413086, 170.67408561706543, 100, 5.0, 16.0, 0.3125, 19.0, 1
.01, 1.413480281829834, 170.6740140914917, 100, 5.0, 16.0, 0.3125, 19.0, 2
.01, 1.4134809970855713, 170.67404985427856, 100, 5.0, 16.0, 0.3125, 19.0, 1
.01, 1.4134806394577026, 170.67403197288513, 100, 5.0, 16.0, 0.3125, 19.0, 1
.01, 1.4134804606437683, 170.67402303218842, 100, 5.0, 16.0, 0.3125, 19.0, 1
.01, 1.4134803712368011, 170.67401856184006, 100, 5.0, 16.0, 0.3125, 19.0, 2
.01, 1.4134804159402847, 170.67402079701424, 100, 5.0, 16.0, 0.3125, 19.0, 3
.01, 1.25, 162.5, 100, 6.0, 15.0, 0.40000000000000002, 19.0, 2
.01, 1.625, 181.25, 100, 6.0, 15.0, 0.40000000000000002, 19.0, 1
.01, 1.4375, 171.875, 100, 6.0, 15.0, 0.40000000000000002, 19.0, 1
.01, 1.34375, 167.1875, 100, 6.0, 15.0, 0.40000000000000002, 19.0, 2
.01, 1.390625, 169.53125, 100, 6.0, 15.0, 0.40000000000000002, 19.0, 1
.01, 1.3671875, 168.359375, 100, 6.0, 15.0, 0.40000000000000002, 19.0, 1
.01, 1.35546875, 167.7734375, 100, 6.0, 15.0, 0.40000000000000002, 19.0, 2
.01, 1.361328125, 168.06640625, 100, 6.0, 15.0, 0.40000000000000002, 19.0, 2
.01, 1.3642578125, 168.212890625, 100, 6.0, 15.0, 0.40000000000000002, 19.0, 1
.01, 1.36279296875, 168.1396484375, 100, 6.0, 15.0, 0.40000000000000002, 19.0, 1
.01, 1.362060546875, 168.10302734375, 100, 6.0, 15.0, 0.40000000000000002, 19.0, 1
.01, 1.3616943359375, 168.084716796875, 100, 6.0, 15.0, 0.40000000000000002, 19.0, 2
.01, 1.36187744140625, 168.0938720703125, 100, 6.0, 15.0, 0.40000000000000002, 19.0, 2
.01, 1.361968994140625, 168.09844970703125, 100, 6.0, 15.0, 0.40000000000000002, 19.0, 2
.01, 1.3620147705078125, 168.10073852539062, 100, 6.0, 15.0, 0.40000000000000002, 19.0, 1
.01, 1.3619918823242188, 168.09959411621094, 100, 6.0, 15.0, 0.40000000000000002, 19.0, 2
.01, 1.3620033264160156, 168.10016632080078, 100, 6.0, 15.0, 0.40000000000000002, 19.0, 1
.01, 1.3619976043701172, 168.09988021850586, 100, 6.0, 15.0, 0.40000000000000002, 19.0, 2
.01, 1.3620004653930664, 168.10002326965332, 100, 6.0, 15.0, 0.40000000000000002, 19.0, 2
.01, 1.362001895904541, 168.10009479522705, 100, 6.0, 15.0, 0.40000000000000002, 19.0, 2
.01, 1.3620026111602783, 168.10013055801392, 100, 6.0, 15.0, 0.40000000000000002, 19.0, 2
.01, 1.362002968788147, 168.10014843940735, 100, 6.0, 15.0, 0.40000000000000002, 19.0, 2
.01, 1.3620031476020813, 168.10015738010406, 100, 6.0, 15.0, 0.40000000000000002, 19.0, 2
.01, 1.3620032370090485, 168.10016185045242, 100, 6.0, 15.0, 0.40000000000000002, 19.0, 1
.01, 1.3620031923055649, 168.10015961527824, 100, 6.0, 15.0, 0.40000000000000002, 19.0, 3
.01, 1.25, 162.5, 100, 7.0, 14.0, 0.5, 19.0, 2
.01, 1.625, 181.25, 100, 7.0, 14.0, 0.5, 19.0, 1
.01, 1.4375, 171.875, 100, 7.0, 14.0, 0.5, 19.0, 1
.01, 1.34375, 167.1875, 100, 7.0, 14.0, 0.5, 19.0, 1
.01, 1.296875, 164.84375, 100, 7.0, 14.0, 0.5, 19.0, 2
.01, 1.3203125, 166.015625, 100, 7.0, 14.0, 0.5, 19.0, 1
.01, 1.30859375, 165.4296875, 100, 7.0, 14.0, 0.5, 19.0, 2
.01, 1.314453125, 165.72265625, 100, 7.0, 14.0, 0.5, 19.0, 2
.01, 1.3173828125, 165.869140625, 100, 7.0, 14.0, 0.5, 19.0, 1
.01, 1.31591796875, 165.7958984375, 100, 7.0, 14.0, 0.5, 19.0, 1
.01, 1.315185546875, 165.75927734375, 100, 7.0, 14.0, 0.5, 19.0, 2
.01, 1.3155517578125, 165.777587890625, 100, 7.0, 14.0, 0.5, 19.0, 2
.01, 1.31573486328125, 165.7867431640625, 100, 7.0, 14.0, 0.5, 19.0, 1
.01, 1.315643310546875, 165.78216552734375, 100, 7.0, 14.0, 0.5, 19.0, 1
.01, 1.3155975341796875, 165.77987670898438, 100, 7.0, 14.0, 0.5, 19.0, 2
.01, 1.3156204223632812, 165.78102111816406, 100, 7.0, 14.0, 0.5, 19.0, 2
.01, 1.3156318664550781, 165.7815933227539, 100, 7.0, 14.0, 0.5, 19.0, 2
.01, 1.3156375885009766, 165.78187942504883, 100, 7.0, 14.0, 0.5, 19.0, 2
.01, 1.3156404495239258, 165.7820224761963, 100, 7.0, 14.0, 0.5, 19.0, 2
.01, 1.3156418800354004, 165.78209400177002, 100, 7.0, 14.0, 0.5, 19.0, 1
.01, 1.315641164779663, 165.78205823898315, 100, 7.0, 14.0, 0.5, 19.0, 2
.01, 1.3156415224075317, 165.7820761203766, 100, 7.0, 14.0, 0.5, 19.0, 1
.01, 1.3156413435935974, 165.78206717967987, 100, 7.0, 14.0, 0.5, 19.0, 1
.01, 1.3156412541866302, 165.7820627093315, 100, 7.0, 14.0, 0.5, 19.0, 1
.01, 1.3156412094831467, 165.78206047415733, 100, 7.0, 14.0, 0.5, 19.0, 3
.01, 1.25, 162.5, 100, 8.0, 13.0, 0.61538461538461542, 19.0, 2
.01, 1.625, 181.25, 100, 8.0, 13.0, 0.61538461538461542, 19.0, 1
.01, 1.4375, 171.875, 100, 8.0, 13.0, 0.61538461538461542, 19.0, 1
.01, 1.34375, 167.1875, 100, 8.0, 13.0, 0.61538461538461542, 19.0, 1
.01, 1.296875, 164.84375, 100, 8.0, 13.0, 0.61538461538461542, 19.0, 1
.01, 1.2734375, 163.671875, 100, 8.0, 13.0, 0.61538461538461542, 19.0, 1
.01, 1.26171875, 163.0859375, 100, 8.0, 13.0, 0.61538461538461542, 19.0, 2
.01, 1.267578125, 163.37890625, 100, 8.0, 13.0, 0.61538461538461542, 19.0, 2
.01, 1.2705078125, 163.525390625, 100, 8.0, 13.0, 0.61538461538461542, 19.0, 2
.01, 1.27197265625, 163.5986328125, 100, 8.0, 13.0, 0.61538461538461542, 19.0, 2
.01, 1.272705078125, 163.63525390625, 100, 8.0, 13.0, 0.61538461538461542, 19.0, 2
.01, 1.2730712890625, 163.653564453125, 100, 8.0, 13.0, 0.61538461538461542, 19.0, 1
.01, 1.27288818359375, 163.6444091796875, 100, 8.0, 13.0, 0.61538461538461542, 19.0, 1
.01, 1.272796630859375, 163.63983154296875, 100, 8.0, 13.0, 0.61538461538461542, 19.0, 2
.01, 1.2728424072265625, 163.64212036132812, 100, 8.0, 13.0, 0.61538461538461542, 19.0, 2
.01, 1.2728652954101562, 163.6432647705078, 100, 8.0, 13.0, 0.61538461538461542, 19.0, 2
.01, 1.2728767395019531, 163.64383697509766, 100, 8.0, 13.0, 0.61538461538461542, 19.0, 1
.01, 1.2728710174560547, 163.64355087280273, 100, 8.0, 13.0, 0.61538461538461542, 19.0, 2
.01, 1.272873878479004, 163.6436939239502, 100, 8.0, 13.0, 0.61538461538461542, 19.0, 1
.01, 1.2728724479675293, 163.64362239837646, 100, 8.0, 13.0, 0.61538461538461542, 19.0, 1
.01, 1.272871732711792, 163.6435866355896, 100, 8.0, 13.0, 0.61538461538461542, 19.0, 1
.01, 1.2728713750839233, 163.64356875419617, 100, 8.0, 13.0, 0.61538461538461542, 19.0, 1
.01, 1.272871196269989, 163.64355981349945, 100, 8.0, 13.0, 0.61538461538461542, 19.0, 1
.01, 1.2728711068630219, 163.6435553431511, 100, 8.0, 13.0, 0.61538461538461542, 19.0, 2
.01, 1.2728711515665054, 163.64355757832527, 100, 8.0, 13.0, 0.61538461538461542, 19.0, 3
.01, 1.25, 162.5, 100, 9.0, 12.0, 0.75, 19.0, 1
.01, 0.875, 143.75, 100, 9.0, 12.0, 0.75, 19.0, 2
.01, 1.0625, 153.125, 100, 9.0, 12.0, 0.75, 19.0, 2
.01, 1.15625, 157.8125, 100, 9.0, 12.0, 0.75, 19.0, 2
.01, 1.203125, 160.15625, 100, 9.0, 12.0, 0.75, 19.0, 2
.01, 1.2265625, 161.328125, 100, 9.0, 12.0, 0.75, 19.0, 2
.01, 1.23828125, 161.9140625, 100, 9.0, 12.0, 0.75, 19.0, 1
.01, 1.232421875, 161.62109375, 100, 9.0, 12.0, 0.75, 19.0, 2
.01, 1.2353515625, 161.767578125, 100, 9.0, 12.0, 0.75, 19.0, 1
.01, 1.23388671875, 161.6943359375, 100, 9.0, 12.0, 0.75, 19.0, 1
.01, 1.233154296875, 161.65771484375, 100, 9.0, 12.0, 0.75, 19.0, 1
.01, 1.2327880859375, 161.639404296875, 100, 9.0, 12.0, 0.75, 19.0, 1
.01, 1.23260498046875, 161.6302490234375, 100, 9.0, 12.0, 0.75, 19.0, 2
.01, 1.232696533203125, 161.63482666015625, 100, 9.0, 12.0, 0.75, 19.0, 1
.01, 1.2326507568359375, 161.63253784179688, 100, 9.0, 12.0, 0.75, 19.0, 1
.01, 1.2326278686523438, 161.6313934326172, 100, 9.0, 12.0, 0.75, 19.0, 2
.01, 1.2326393127441406, 161.63196563720703, 100, 9.0, 12.0, 0.75, 19.0, 2
.01, 1.232645034790039, 161.63225173950195, 100, 9.0, 12.0, 0.75, 19.0, 1
.01, 1.2326421737670898, 161.6321086883545, 100, 9.0, 12.0, 0.75, 19.0, 1
.01, 1.2326407432556152, 161.63203716278076, 100, 9.0, 12.0, 0.75, 19.0, 2
.01, 1.2326414585113525, 161.63207292556763, 100, 9.0, 12.0, 0.75, 19.0, 1
.01, 1.2326411008834839, 161.6320550441742, 100, 9.0, 12.0, 0.75, 19.0, 1
.01, 1.2326409220695496, 161.63204610347748, 100, 9.0, 12.0, 0.75, 19.0, 2
.01, 1.2326410114765167, 161.63205057382584, 100, 9.0, 12.0, 0.75, 19.0, 1
.01, 1.2326409667730331, 161.63204833865166, 100, 9.0, 12.0, 0.75, 19.0, 3
.01, 1.25, 162.5, 100, 10.0, 11.0, 0.90909090909090906, 19.0, 1
.01, 0.875, 143.75, 100, 10.0, 11.0, 0.90909090909090906, 19.0, 2
.01, 1.0625, 153.125, 100, 10.0, 11.0, 0.90909090909090906, 19.0, 2
.01, 1.15625, 157.8125, 100, 10.0, 11.0, 0.90909090909090906, 19.0, 2
.01, 1.203125, 160.15625, 100, 10.0, 11.0, 0.90909090909090906, 19.0, 1
.01, 1.1796875, 158.984375, 100, 10.0, 11.0, 0.90909090909090906, 19.0, 2
.01, 1.19140625, 159.5703125, 100, 10.0, 11.0, 0.90909090909090906, 19.0, 2
.01, 1.197265625, 159.86328125, 100, 10.0, 11.0, 0.90909090909090906, 19.0, 1
.01, 1.1943359375, 159.716796875, 100, 10.0, 11.0, 0.90909090909090906, 19.0, 1
.01, 1.19287109375, 159.6435546875, 100, 10.0, 11.0, 0.90909090909090906, 19.0, 2
.01, 1.193603515625, 159.68017578125, 100, 10.0, 11.0, 0.90909090909090906, 19.0, 2
.01, 1.1939697265625, 159.698486328125, 100, 10.0, 11.0, 0.90909090909090906, 19.0, 2
.01, 1.19415283203125, 159.7076416015625, 100, 10.0, 11.0, 0.90909090909090906, 19.0, 2
.01, 1.194244384765625, 159.71221923828125, 100, 10.0, 11.0, 0.90909090909090906, 19.0, 1
.01, 1.1941986083984375, 159.70993041992188, 100, 10.0, 11.0, 0.90909090909090906, 19.0, 1
.01, 1.1941757202148438, 159.7087860107422, 100, 10.0, 11.0, 0.90909090909090906, 19.0, 1
.01, 1.1941642761230469, 159.70821380615234, 100, 10.0, 11.0, 0.90909090909090906, 19.0, 2
.01, 1.1941699981689453, 159.70849990844727, 100, 10.0, 11.0, 0.90909090909090906, 19.0, 1
.01, 1.194167137145996, 159.7083568572998, 100, 10.0, 11.0, 0.90909090909090906, 19.0, 2
.01, 1.1941685676574707, 159.70842838287354, 100, 10.0, 11.0, 0.90909090909090906, 19.0, 1
.01, 1.1941678524017334, 159.70839262008667, 100, 10.0, 11.0, 0.90909090909090906, 19.0, 2
.01, 1.194168210029602, 159.7084105014801, 100, 10.0, 11.0, 0.90909090909090906, 19.0, 2
.01, 1.1941683888435364, 159.70841944217682, 100, 10.0, 11.0, 0.90909090909090906, 19.0, 1
.01, 1.1941682994365692, 159.70841497182846, 100, 10.0, 11.0, 0.90909090909090906, 19.0, 1
.01, 1.1941682547330856, 159.70841273665428, 100, 10.0, 11.0, 0.90909090909090906, 19.0, 3
.01, 1.25, 162.5, 100, 11.0, 10.0, 1.1000000000000001, 19.0, 1
.01, 0.875, 143.75, 100, 11.0, 10.0, 1.1000000000000001, 19.0, 2
.01, 1.0625, 153.125, 100, 11.0, 10.0, 1.1000000000000001, 19.0, 2
.01, 1.15625, 157.8125, 100, 11.0, 10.0, 1.1000000000000001, 19.0, 2
.01, 1.203125, 160.15625, 100, 11.0, 10.0, 1.1000000000000001, 19.0, 1
.01, 1.1796875, 158.984375, 100, 11.0, 10.0, 1.1000000000000001, 19.0, 1
.01, 1.16796875, 158.3984375, 100, 11.0, 10.0, 1.1000000000000001, 19.0, 1
.01, 1.162109375, 158.10546875, 100, 11.0, 10.0, 1.1000000000000001, 19.0, 1
.01, 1.1591796875, 157.958984375, 100, 11.0, 10.0, 1.1000000000000001, 19.0, 1
.01, 1.15771484375, 157.8857421875, 100, 11.0, 10.0, 1.1000000000000001, 19.0, 1
.01, 1.156982421875, 157.84912109375, 100, 11.0, 10.0, 1.1000000000000001, 19.0, 1
.01, 1.1566162109375, 157.830810546875, 100, 11.0, 10.0, 1.1000000000000001, 19.0, 2
.01, 1.15679931640625, 157.8399658203125, 100, 11.0, 10.0, 1.1000000000000001, 19.0, 2
.01, 1.156890869140625, 157.84454345703125, 100, 11.0, 10.0, 1.1000000000000001, 19.0, 1
.01, 1.1568450927734375, 157.84225463867188, 100, 11.0, 10.0, 1.1000000000000001, 19.0, 1
.01, 1.1568222045898438, 157.8411102294922, 100, 11.0, 10.0, 1.1000000000000001, 19.0, 2
.01, 1.1568336486816406, 157.84168243408203, 100, 11.0, 10.0, 1.1000000000000001, 19.0, 1
.01, 1.1568279266357422, 157.8413963317871, 100, 11.0, 10.0, 1.1000000000000001, 19.0, 1
.01, 1.156825065612793, 157.84125328063965, 100, 11.0, 10.0, 1.1000000000000001, 19.0, 2
.01, 1.1568264961242676, 157.84132480621338, 100, 11.0, 10.0, 1.1000000000000001, 19.0, 2
.01, 1.1568272113800049, 157.84136056900024, 100, 11.0, 10.0, 1.1000000000000001, 19.0, 1
.01, 1.1568268537521362, 157.8413426876068, 100, 11.0, 10.0, 1.1000000000000001, 19.0, 2
.01, 1.1568270325660706, 157.84135162830353, 100, 11.0, 10.0, 1.1000000000000001, 19.0, 2
.01, 1.1568271219730377, 157.8413560986519, 100, 11.0, 10.0, 1.1000000000000001, 19.0, 1
.01, 1.1568270772695541, 157.8413538634777, 100, 11.0, 10.0, 1.1000000000000001, 19.0, 3
.01, 1.25, 162.5, 100, 12.0, 9.0, 1.3333333333333333, 19.0, 1
.01, 0.875, 143.75, 100, 12.0, 9.0, 1.3333333333333333, 19.0, 2
.01, 1.0625, 153.125, 100, 12.0, 9.0, 1.3333333333333333, 19.0, 2
.01, 1.15625, 157.8125, 100, 12.0, 9.0, 1.3333333333333333, 19.0, 1
.01, 1.109375, 155.46875, 100, 12.0, 9.0, 1.3333333333333333, 19.0, 2
.01, 1.1328125, 156.640625, 100, 12.0, 9.0, 1.3333333333333333, 19.0, 1
.01, 1.12109375, 156.0546875, 100, 12.0, 9.0, 1.3333333333333333, 19.0, 1
.01, 1.115234375, 155.76171875, 100, 12.0, 9.0, 1.3333333333333333, 19.0, 2
.01, 1.1181640625, 155.908203125, 100, 12.0, 9.0, 1.3333333333333333, 19.0, 2
.01, 1.11962890625, 155.9814453125, 100, 12.0, 9.0, 1.3333333333333333, 19.0, 2
.01, 1.120361328125, 156.01806640625, 100, 12.0, 9.0, 1.3333333333333333, 19.0, 1
.01, 1.1199951171875, 155.999755859375, 100, 12.0, 9.0, 1.3333333333333333, 19.0, 2
.01, 1.12017822265625, 156.0089111328125, 100, 12.0, 9.0, 1.3333333333333333, 19.0, 1
.01, 1.120086669921875, 156.00433349609375, 100, 12.0, 9.0, 1.3333333333333333, 19.0, 1
.01, 1.1200408935546875, 156.00204467773438, 100, 12.0, 9.0, 1.3333333333333333, 19.0, 2
.01, 1.1200637817382812, 156.00318908691406, 100, 12.0, 9.0, 1.3333333333333333, 19.0, 2
.01, 1.1200752258300781, 156.0037612915039, 100, 12.0, 9.0, 1.3333333333333333, 19.0, 2
.01, 1.1200809478759766, 156.00404739379883, 100, 12.0, 9.0, 1.3333333333333333, 19.0, 1
.01, 1.1200780868530273, 156.00390434265137, 100, 12.0, 9.0, 1.3333333333333333, 19.0, 1
.01, 1.1200766563415527, 156.00383281707764, 100, 12.0, 9.0, 1.3333333333333333, 19.0, 1
.01, 1.1200759410858154, 156.00379705429077, 100, 12.0, 9.0, 1.3333333333333333, 19.0, 2
.01, 1.120076298713684, 156.0038149356842, 100, 12.0, 9.0, 1.3333333333333333, 19.0, 2
.01, 1.1200764775276184, 156.00382387638092, 100, 12.0, 9.0, 1.3333333333333333, 19.0, 1
.01, 1.1200763881206512, 156.00381940603256, 100, 12.0, 9.0, 1.3333333333333333, 19.0, 1
.01, 1.1200763434171677, 156.00381717085838, 100, 12.0, 9.0, 1.3333333333333333, 19.0, 3
.01, 1.25, 162.5, 100, 13.0, 8.0, 1.625, 19.0, 1
.01, 0.875, 143.75, 100, 13.0, 8.0, 1.625, 19.0, 2
.01, 1.0625, 153.125, 100, 13.0, 8.0, 1.625, 19.0, 2
.01, 1.15625, 157.8125, 100, 13.0, 8.0, 1.625, 19.0, 1
.01, 1.109375, 155.46875, 100, 13.0, 8.0, 1.625, 19.0, 1
.01, 1.0859375, 154.296875, 100, 13.0, 8.0, 1.625, 19.0, 1
.01, 1.07421875, 153.7109375, 100, 13.0, 8.0, 1.625, 19.0, 2
.01, 1.080078125, 154.00390625, 100, 13.0, 8.0, 1.625, 19.0, 2
.01, 1.0830078125, 154.150390625, 100, 13.0, 8.0, 1.625, 19.0, 2
.01, 1.08447265625, 154.2236328125, 100, 13.0, 8.0, 1.625, 19.0, 1
.01, 1.083740234375, 154.18701171875, 100, 13.0, 8.0, 1.625, 19.0, 1
.01, 1.0833740234375, 154.168701171875, 100, 13.0, 8.0, 1.625, 19.0, 2
.01, 1.08355712890625, 154.1778564453125, 100, 13.0, 8.0, 1.625, 19.0, 1
.01, 1.083465576171875, 154.17327880859375, 100, 13.0, 8.0, 1.625, 19.0, 1
.01, 1.0834197998046875, 154.17098999023438, 100, 13.0, 8.0, 1.625, 19.0, 1
.01, 1.0833969116210938, 154.1698455810547, 100, 13.0, 8.0, 1.625, 19.0, 2
.01, 1.0834083557128906, 154.17041778564453, 100, 13.0, 8.0, 1.625, 19.0, 1
.01, 1.0834026336669922, 154.1701316833496, 100, 13.0, 8.0, 1.625, 19.0, 2
.01, 1.0834054946899414, 154.17027473449707, 100, 13.0, 8.0, 1.625, 19.0, 2
.01, 1.083406925201416, 154.1703462600708, 100, 13.0, 8.0, 1.625, 19.0, 2
.01, 1.0834076404571533, 154.17038202285767, 100, 13.0, 8.0, 1.625, 19.0, 1
.01, 1.0834072828292847, 154.17036414146423, 100, 13.0, 8.0, 1.625, 19.0, 2
.01, 1.083407461643219, 154.17037308216095, 100, 13.0, 8.0, 1.625, 19.0, 2
.01, 1.0834075510501862, 154.1703775525093, 100, 13.0, 8.0, 1.625, 19.0, 1
.01, 1.0834075063467026, 154.17037531733513, 100, 13.0, 8.0, 1.625, 19.0, 3
.01, 1.25, 162.5, 100, 14.0, 7.0, 2.0, 19.0, 1
.01, 0.875, 143.75, 100, 14.0, 7.0, 2.0, 19.0, 2
.01, 1.0625, 153.125, 100, 14.0, 7.0, 2.0, 19.0, 1
.01, 0.96875, 148.4375, 100, 14.0, 7.0, 2.0, 19.0, 2
.01, 1.015625, 150.78125, 100, 14.0, 7.0, 2.0, 19.0, 2
.01, 1.0390625, 151.953125, 100, 14.0, 7.0, 2.0, 19.0, 2
.01, 1.05078125, 152.5390625, 100, 14.0, 7.0, 2.0, 19.0, 1
.01, 1.044921875, 152.24609375, 100, 14.0, 7.0, 2.0, 19.0, 2
.01, 1.0478515625, 152.392578125, 100, 14.0, 7.0, 2.0, 19.0, 1
.01, 1.04638671875, 152.3193359375, 100, 14.0, 7.0, 2.0, 19.0, 1
.01, 1.045654296875, 152.28271484375, 100, 14.0, 7.0, 2.0, 19.0, 2
.01, 1.0460205078125, 152.301025390625, 100, 14.0, 7.0, 2.0, 19.0, 2
.01, 1.04620361328125, 152.3101806640625, 100, 14.0, 7.0, 2.0, 19.0, 2
.01, 1.046295166015625, 152.31475830078125, 100, 14.0, 7.0, 2.0, 19.0, 2
.01, 1.0463409423828125, 152.31704711914062, 100, 14.0, 7.0, 2.0, 19.0, 1
.01, 1.0463180541992188, 152.31590270996094, 100, 14.0, 7.0, 2.0, 19.0, 1
.01, 1.0463066101074219, 152.3153305053711, 100, 14.0, 7.0, 2.0, 19.0, 1
.01, 1.0463008880615234, 152.31504440307617, 100, 14.0, 7.0, 2.0, 19.0, 1
.01, 1.0462980270385742, 152.3149013519287, 100, 14.0, 7.0, 2.0, 19.0, 1
.01, 1.0462965965270996, 152.31482982635498, 100, 14.0, 7.0, 2.0, 19.0, 1
.01, 1.0462958812713623, 152.31479406356812, 100, 14.0, 7.0, 2.0, 19.0, 1
.01, 1.0462955236434937, 152.31477618217468, 100, 14.0, 7.0, 2.0, 19.0, 2
.01, 1.046295702457428, 152.3147851228714, 100, 14.0, 7.0, 2.0, 19.0, 2
.01, 1.0462957918643951, 152.31478959321976, 100, 14.0, 7.0, 2.0, 19.0, 1
.01, 1.0462957471609116, 152.31478735804558, 100, 14.0, 7.0, 2.0, 19.0, 3
.01, 1.25, 162.5, 100, 15.0, 6.0, 2.5, 19.0, 1
.01, 0.875, 143.75, 100, 15.0, 6.0, 2.5, 19.0, 2
.01, 1.0625, 153.125, 100, 15.0, 6.0, 2.5, 19.0, 1
.01, 0.96875, 148.4375, 100, 15.0, 6.0, 2.5, 19.0, 2
.01, 1.015625, 150.78125, 100, 15.0, 6.0, 2.5, 19.0, 1
.01, 0.9921875, 149.609375, 100, 15.0, 6.0, 2.5, 19.0, 2
.01, 1.00390625, 150.1953125, 100, 15.0, 6.0, 2.5, 19.0, 2
.01, 1.009765625, 150.48828125, 100, 15.0, 6.0, 2.5, 19.0, 1
.01, 1.0068359375, 150.341796875, 100, 15.0, 6.0, 2.5, 19.0, 2
.01, 1.00830078125, 150.4150390625, 100, 15.0, 6.0, 2.5, 19.0, 1
.01, 1.007568359375, 150.37841796875, 100, 15.0, 6.0, 2.5, 19.0, 2
.01, 1.0079345703125, 150.396728515625, 100, 15.0, 6.0, 2.5, 19.0, 2
.01, 1.00811767578125, 150.4058837890625, 100, 15.0, 6.0, 2.5, 19.0, 2
.01, 1.008209228515625, 150.41046142578125, 100, 15.0, 6.0, 2.5, 19.0, 1
.01, 1.0081634521484375, 150.40817260742188, 100, 15.0, 6.0, 2.5, 19.0, 1
.01, 1.0081405639648438, 150.4070281982422, 100, 15.0, 6.0, 2.5, 19.0, 2
.01, 1.0081520080566406, 150.40760040283203, 100, 15.0, 6.0, 2.5, 19.0, 1
.01, 1.0081462860107422, 150.4073143005371, 100, 15.0, 6.0, 2.5, 19.0, 1
.01, 1.008143424987793, 150.40717124938965, 100, 15.0, 6.0, 2.5, 19.0, 2
.01, 1.0081448554992676, 150.40724277496338, 100, 15.0, 6.0, 2.5, 19.0, 1
.01, 1.0081441402435303, 150.4072070121765, 100, 15.0, 6.0, 2.5, 19.0, 1
.01, 1.0081437826156616, 150.40718913078308, 100, 15.0, 6.0, 2.5, 19.0, 2
.01, 1.008143961429596, 150.4071980714798, 100, 15.0, 6.0, 2.5, 19.0, 1
.01, 1.0081438720226288, 150.40719360113144, 100, 15.0, 6.0, 2.5, 19.0, 2
.01, 1.0081439167261124, 150.40719583630562, 100, 15.0, 6.0, 2.5, 19.0, 3
.01, 1.25, 162.5, 100, 16.0, 5.0, 3.2000000000000002, 19.0, 1
.01, 0.875, 143.75, 100, 16.0, 5.0, 3.2000000000000002, 19.0, 2
.01, 1.0625, 153.125, 100, 16.0, 5.0, 3.2000000000000002, 19.0, 1
.01, 0.96875, 148.4375, 100, 16.0, 5.0, 3.2000000000000002, 19.0, 1
.01, 0.921875, 146.09375, 100, 16.0, 5.0, 3.2000000000000002, 19.0, 2
.01, 0.9453125, 147.265625, 100, 16.0, 5.0, 3.2000000000000002, 19.0, 2
.01, 0.95703125, 147.8515625, 100, 16.0, 5.0, 3.2000000000000002, 19.0, 2
.01, 0.962890625, 148.14453125, 100, 16.0, 5.0, 3.2000000000000002, 19.0, 2
.01, 0.9658203125, 148.291015625, 100, 16.0, 5.0, 3.2000000000000002, 19.0, 2
.01, 0.96728515625, 148.3642578125, 100, 16.0, 5.0, 3.2000000000000002, 19.0, 2
.01, 0.968017578125, 148.40087890625, 100, 16.0, 5.0, 3.2000000000000002, 19.0, 2
.01, 0.9683837890625, 148.419189453125, 100, 16.0, 5.0, 3.2000000000000002, 19.0, 1
.01, 0.96820068359375, 148.4100341796875, 100, 16.0, 5.0, 3.2000000000000002, 19.0, 1
.01, 0.968109130859375, 148.40545654296875, 100, 16.0, 5.0, 3.2000000000000002, 19.0, 2
.01, 0.9681549072265625, 148.40774536132812, 100, 16.0, 5.0, 3.2000000000000002, 19.0, 2
.01, 0.9681777954101562, 148.4088897705078, 100, 16.0, 5.0, 3.2000000000000002, 19.0, 2
.01, 0.9681892395019531, 148.40946197509766, 100, 16.0, 5.0, 3.2000000000000002, 19.0, 2
.01, 0.9681949615478516, 148.40974807739258, 100, 16.0, 5.0, 3.2000000000000002, 19.0, 2
.01, 0.9681978225708008, 148.40989112854004, 100, 16.0, 5.0, 3.2000000000000002, 19.0, 2
.01, 0.9681992530822754, 148.40996265411377, 100, 16.0, 5.0, 3.2000000000000002, 19.0, 1
.01, 0.9681985378265381, 148.4099268913269, 100, 16.0, 5.0, 3.2000000000000002, 19.0, 1
.01, 0.9681981801986694, 148.40990900993347, 100, 16.0, 5.0, 3.2000000000000002, 19.0, 2
.01, 0.9681983590126038, 148.4099179506302, 100, 16.0, 5.0, 3.2000000000000002, 19.0, 1
.01, 0.9681982696056366, 148.40991348028183, 100, 16.0, 5.0, 3.2000000000000002, 19.0, 1
.01, 0.968198224902153, 148.40991124510765, 100, 16.0, 5.0, 3.2000000000000002, 19.0, 3
.01, 1.25, 162.5, 100, 17.0, 4.0, 4.25, 19.0, 1
.01, 0.875, 143.75, 100, 17.0, 4.0, 4.25, 19.0, 2
.01, 1.0625, 153.125, 100, 17.0, 4.0, 4.25, 19.0, 1
.01, 0.96875, 148.4375, 100, 17.0, 4.0, 4.25, 19.0, 1
.01, 0.921875, 146.09375, 100, 17.0, 4.0, 4.25, 19.0, 2
.01, 0.9453125, 147.265625, 100, 17.0, 4.0, 4.25, 19.0, 1
.01, 0.93359375, 146.6796875, 100, 17.0, 4.0, 4.25, 19.0, 1
.01, 0.927734375, 146.38671875, 100, 17.0, 4.0, 4.25, 19.0, 1
.01, 0.9248046875, 146.240234375, 100, 17.0, 4.0, 4.25, 19.0, 2
.01, 0.92626953125, 146.3134765625, 100, 17.0, 4.0, 4.25, 19.0, 1
.01, 0.925537109375, 146.27685546875, 100, 17.0, 4.0, 4.25, 19.0, 1
.01, 0.9251708984375, 146.258544921875, 100, 17.0, 4.0, 4.25, 19.0, 2
.01, 0.92535400390625, 146.2677001953125, 100, 17.0, 4.0, 4.25, 19.0, 2
.01, 0.925445556640625, 146.27227783203125, 100, 17.0, 4.0, 4.25, 19.0, 1
.01, 0.9253997802734375, 146.26998901367188, 100, 17.0, 4.0, 4.25, 19.0, 1
.01, 0.9253768920898438, 146.2688446044922, 100, 17.0, 4.0, 4.25, 19.0, 2
.01, 0.9253883361816406, 146.26941680908203, 100, 17.0, 4.0, 4.25, 19.0, 2
.01, 0.9253940582275391, 146.26970291137695, 100, 17.0, 4.0, 4.25, 19.0, 2
.01, 0.9253969192504883, 146.2698459625244, 100, 17.0, 4.0, 4.25, 19.0, 2
.01, 0.9253983497619629, 146.26991748809814, 100, 17.0, 4.0, 4.25, 19.0, 2
.01, 0.9253990650177002, 146.269953250885, 100, 17.0, 4.0, 4.25, 19.0, 1
.01, 0.9253987073898315, 146.26993536949158, 100, 17.0, 4.0, 4.25, 19.0, 1
.01, 0.9253985285758972, 146.26992642879486, 100, 17.0, 4.0, 4.25, 19.0, 1
.01, 0.92539843916893, 146.2699219584465, 100, 17.0, 4.0, 4.25, 19.0, 1
.01, 0.9253983944654465, 146.26991972327232, 100, 17.0, 4.0, 4.25, 19.0, 3
.01, 1.25, 162.5, 100, 18.0, 3.0, 6.0, 19.0, 1
.01, 0.875, 143.75, 100, 18.0, 3.0, 6.0, 19.0, 2
.01, 1.0625, 153.125, 100, 18.0, 3.0, 6.0, 19.0, 1
.01, 0.96875, 148.4375, 100, 18.0, 3.0, 6.0, 19.0, 1
.01, 0.921875, 146.09375, 100, 18.0, 3.0, 6.0, 19.0, 1
.01, 0.8984375, 144.921875, 100, 18.0, 3.0, 6.0, 19.0, 1
.01, 0.88671875, 144.3359375, 100, 18.0, 3.0, 6.0, 19.0, 1
.01, 0.880859375, 144.04296875, 100, 18.0, 3.0, 6.0, 19.0, 1
.01, 0.8779296875, 143.896484375, 100, 18.0, 3.0, 6.0, 19.0, 2
.01, 0.87939453125, 143.9697265625, 100, 18.0, 3.0, 6.0, 19.0, 1
.01, 0.878662109375, 143.93310546875, 100, 18.0, 3.0, 6.0, 19.0, 1
.01, 0.8782958984375, 143.914794921875, 100, 18.0, 3.0, 6.0, 19.0, 1
.01, 0.87811279296875, 143.9056396484375, 100, 18.0, 3.0, 6.0, 19.0, 1
.01, 0.878021240234375, 143.90106201171875, 100, 18.0, 3.0, 6.0, 19.0, 2
.01, 0.8780670166015625, 143.90335083007812, 100, 18.0, 3.0, 6.0, 19.0, 1
.01, 0.8780441284179688, 143.90220642089844, 100, 18.0, 3.0, 6.0, 19.0, 2
.01, 0.8780555725097656, 143.90277862548828, 100, 18.0, 3.0, 6.0, 19.0, 1
.01, 0.8780498504638672, 143.90249252319336, 100, 18.0, 3.0, 6.0, 19.0, 2
.01, 0.8780527114868164, 143.90263557434082, 100, 18.0, 3.0, 6.0, 19.0, 1
.01, 0.8780512809753418, 143.9025640487671, 100, 18.0, 3.0, 6.0, 19.0, 2
.01, 0.8780519962310791, 143.90259981155396, 100, 18.0, 3.0, 6.0, 19.0, 1
.01, 0.8780516386032104, 143.90258193016052, 100, 18.0, 3.0, 6.0, 19.0, 1
.01, 0.8780514597892761, 143.9025729894638, 100, 18.0, 3.0, 6.0, 19.0, 2
.01, 0.8780515491962433, 143.90257745981216, 100, 18.0, 3.0, 6.0, 19.0, 1
.01, 0.8780515044927597, 143.90257522463799, 100, 18.0, 3.0, 6.0, 19.0, 3
.01, 1.25, 162.5, 100, 19.0, 2.0, 9.5, 19.0, 1
.01, 0.875, 143.75, 100, 19.0, 2.0, 9.5, 19.0, 1
.01, 0.6875, 134.375, 100, 19.0, 2.0, 9.5, 19.0, 2
.01, 0.78125, 139.0625, 100, 19.0, 2.0, 9.5, 19.0, 2
.01, 0.828125, 141.40625, 100, 19.0, 2.0, 9.5, 19.0, 1
.01, 0.8046875, 140.234375, 100, 19.0, 2.0, 9.5, 19.0, 2
.01, 0.81640625, 140.8203125, 100, 19.0, 2.0, 9.5, 19.0, 2
.01, 0.822265625, 141.11328125, 100, 19.0, 2.0, 9.5, 19.0, 2
.01, 0.8251953125, 141.259765625, 100, 19.0, 2.0, 9.5, 19.0, 1
.01, 0.82373046875, 141.1865234375, 100, 19.0, 2.0, 9.5, 19.0, 1
.01, 0.822998046875, 141.14990234375, 100, 19.0, 2.0, 9.5, 19.0, 1
.01, 0.8226318359375, 141.131591796875, 100, 19.0, 2.0, 9.5, 19.0, 2
.01, 0.82281494140625, 141.1407470703125, 100, 19.0, 2.0, 9.5, 19.0, 2
.01, 0.822906494140625, 141.14532470703125, 100, 19.0, 2.0, 9.5, 19.0, 2
.01, 0.8229522705078125, 141.14761352539062, 100, 19.0, 2.0, 9.5, 19.0, 2
.01, 0.8229751586914062, 141.1487579345703, 100, 19.0, 2.0, 9.5, 19.0, 1
.01, 0.8229637145996094, 141.14818572998047, 100, 19.0, 2.0, 9.5, 19.0, 1
.01, 0.8229579925537109, 141.14789962768555, 100, 19.0, 2.0, 9.5, 19.0, 2
.01, 0.8229608535766602, 141.148042678833, 100, 19.0, 2.0, 9.5, 19.0, 2
.01, 0.8229622840881348, 141.14811420440674, 100, 19.0, 2.0, 9.5, 19.0, 1
.01, 0.8229615688323975, 141.14807844161987, 100, 19.0, 2.0, 9.5, 19.0, 1
.01, 0.8229612112045288, 141.14806056022644, 100, 19.0, 2.0, 9.5, 19.0, 1
.01, 0.8229610323905945, 141.14805161952972, 100, 19.0, 2.0, 9.5, 19.0, 2
.01, 0.8229611217975616, 141.14805608987808, 100, 19.0, 2.0, 9.5, 19.0, 2
.01, 0.8229611665010452, 141.14805832505226, 100, 19.0, 2.0, 9.5, 19.0, 3
.01, 1.25, 162.5, 100, 20.0, 1.0, 20.0, 19.0, 1
.01, 0.875, 143.75, 100, 20.0, 1.0, 20.0, 19.0, 1
.01, 0.6875, 134.375, 100, 20.0, 1.0, 20.0, 19.0, 2
.01, 0.78125, 139.0625, 100, 20.0, 1.0, 20.0, 19.0, 1
.01, 0.734375, 136.71875, 100, 20.0, 1.0, 20.0, 19.0, 2
.01, 0.7578125, 137.890625, 100, 20.0, 1.0, 20.0, 19.0, 1
.01, 0.74609375, 137.3046875, 100, 20.0, 1.0, 20.0, 19.0, 2
.01, 0.751953125, 137.59765625, 100, 20.0, 1.0, 20.0, 19.0, 2
.01, 0.7548828125, 137.744140625, 100, 20.0, 1.0, 20.0, 19.0, 1
.01, 0.75341796875, 137.6708984375, 100, 20.0, 1.0, 20.0, 19.0, 1
.01, 0.752685546875, 137.63427734375, 100, 20.0, 1.0, 20.0, 19.0, 1
.01, 0.7523193359375, 137.615966796875, 100, 20.0, 1.0, 20.0, 19.0, 1
.01, 0.75213623046875, 137.6068115234375, 100, 20.0, 1.0, 20.0, 19.0, 1
.01, 0.752044677734375, 137.60223388671875, 100, 20.0, 1.0, 20.0, 19.0, 2
.01, 0.7520904541015625, 137.60452270507812, 100, 20.0, 1.0, 20.0, 19.0, 1
.01, 0.7520675659179688, 137.60337829589844, 100, 20.0, 1.0, 20.0, 19.0, 2
.01, 0.7520790100097656, 137.60395050048828, 100, 20.0, 1.0, 20.0, 19.0, 1
.01, 0.7520732879638672, 137.60366439819336, 100, 20.0, 1.0, 20.0, 19.0, 1
.01, 0.752070426940918, 137.6035213470459, 100, 20.0, 1.0, 20.0, 19.0, 2
.01, 0.7520718574523926, 137.60359287261963, 100, 20.0, 1.0, 20.0, 19.0, 1
.01, 0.7520711421966553, 137.60355710983276, 100, 20.0, 1.0, 20.0, 19.0, 1
.01, 0.7520707845687866, 137.60353922843933, 100, 20.0, 1.0, 20.0, 19.0, 1
.01, 0.7520706057548523, 137.60353028774261, 100, 20.0, 1.0, 20.0, 19.0, 1
.01, 0.7520705163478851, 137.60352581739426, 100, 20.0, 1.0, 20.0, 19.0, 1
.01, 0.7520704716444016, 137.60352358222008, 100, 20.0, 1.0, 20.0, 19.0, 3
