epsilon, alpha, pop1, pop2, dif1, dif2, difratio, blobsize, winner
.01, 1.25, 162.5, 100, 1.0, 20.0, 0.050000000000000003, 17.0, 2
.01, 1.625, 181.25, 100, 1.0, 20.0, 0.050000000000000003, 17.0, 2
.01, 1.8125, 190.625, 100, 1.0, 20.0, 0.050000000000000003, 17.0, 1
.01, 1.71875, 185.9375, 100, 1.0, 20.0, 0.050000000000000003, 17.0, 2
.01, 1.765625, 188.28125, 100, 1.0, 20.0, 0.050000000000000003, 17.0, 2
.01, 1.7890625, 189.453125, 100, 1.0, 20.0, 0.050000000000000003, 17.0, 2
.01, 1.80078125, 190.0390625, 100, 1.0, 20.0, 0.050000000000000003, 17.0, 1
.01, 1.794921875, 189.74609375, 100, 1.0, 20.0, 0.050000000000000003, 17.0, 2
.01, 1.7978515625, 189.892578125, 100, 1.0, 20.0, 0.050000000000000003, 17.0, 1
.01, 1.79638671875, 189.8193359375, 100, 1.0, 20.0, 0.050000000000000003, 17.0, 1
.01, 1.795654296875, 189.78271484375, 100, 1.0, 20.0, 0.050000000000000003, 17.0, 2
.01, 1.7960205078125, 189.801025390625, 100, 1.0, 20.0, 0.050000000000000003, 17.0, 1
.01, 1.79583740234375, 189.7918701171875, 100, 1.0, 20.0, 0.050000000000000003, 17.0, 1
.01, 1.795745849609375, 189.78729248046875, 100, 1.0, 20.0, 0.050000000000000003, 17.0, 1
.01, 1.7957000732421875, 189.78500366210938, 100, 1.0, 20.0, 0.050000000000000003, 17.0, 1
.01, 1.7956771850585938, 189.7838592529297, 100, 1.0, 20.0, 0.050000000000000003, 17.0, 1
.01, 1.7956657409667969, 189.78328704833984, 100, 1.0, 20.0, 0.050000000000000003, 17.0, 2
.01, 1.7956714630126953, 189.78357315063477, 100, 1.0, 20.0, 0.050000000000000003, 17.0, 1
.01, 1.795668601989746, 189.7834300994873, 100, 1.0, 20.0, 0.050000000000000003, 17.0, 1
.01, 1.7956671714782715, 189.78335857391357, 100, 1.0, 20.0, 0.050000000000000003, 17.0, 2
.01, 1.7956678867340088, 189.78339433670044, 100, 1.0, 20.0, 0.050000000000000003, 17.0, 1
.01, 1.7956675291061401, 189.783376455307, 100, 1.0, 20.0, 0.050000000000000003, 17.0, 1
.01, 1.7956673502922058, 189.7833675146103, 100, 1.0, 20.0, 0.050000000000000003, 17.0, 1
.01, 1.7956672608852386, 189.78336304426193, 100, 1.0, 20.0, 0.050000000000000003, 17.0, 2
.01, 1.7956673055887222, 189.7833652794361, 100, 1.0, 20.0, 0.050000000000000003, 17.0, 3
.01, 1.25, 162.5, 100, 2.0, 19.0, 0.10526315789473684, 17.0, 2
.01, 1.625, 181.25, 100, 2.0, 19.0, 0.10526315789473684, 17.0, 2
.01, 1.8125, 190.625, 100, 2.0, 19.0, 0.10526315789473684, 17.0, 1
.01, 1.71875, 185.9375, 100, 2.0, 19.0, 0.10526315789473684, 17.0, 1
.01, 1.671875, 183.59375, 100, 2.0, 19.0, 0.10526315789473684, 17.0, 1
.01, 1.6484375, 182.421875, 100, 2.0, 19.0, 0.10526315789473684, 17.0, 2
.01, 1.66015625, 183.0078125, 100, 2.0, 19.0, 0.10526315789473684, 17.0, 1
.01, 1.654296875, 182.71484375, 100, 2.0, 19.0, 0.10526315789473684, 17.0, 2
.01, 1.6572265625, 182.861328125, 100, 2.0, 19.0, 0.10526315789473684, 17.0, 2
.01, 1.65869140625, 182.9345703125, 100, 2.0, 19.0, 0.10526315789473684, 17.0, 2
.01, 1.659423828125, 182.97119140625, 100, 2.0, 19.0, 0.10526315789473684, 17.0, 1
.01, 1.6590576171875, 182.952880859375, 100, 2.0, 19.0, 0.10526315789473684, 17.0, 1
.01, 1.65887451171875, 182.9437255859375, 100, 2.0, 19.0, 0.10526315789473684, 17.0, 2
.01, 1.658966064453125, 182.94830322265625, 100, 2.0, 19.0, 0.10526315789473684, 17.0, 2
.01, 1.6590118408203125, 182.95059204101562, 100, 2.0, 19.0, 0.10526315789473684, 17.0, 1
.01, 1.6589889526367188, 182.94944763183594, 100, 2.0, 19.0, 0.10526315789473684, 17.0, 1
.01, 1.6589775085449219, 182.9488754272461, 100, 2.0, 19.0, 0.10526315789473684, 17.0, 2
.01, 1.6589832305908203, 182.94916152954102, 100, 2.0, 19.0, 0.10526315789473684, 17.0, 2
.01, 1.6589860916137695, 182.94930458068848, 100, 2.0, 19.0, 0.10526315789473684, 17.0, 1
.01, 1.658984661102295, 182.94923305511475, 100, 2.0, 19.0, 0.10526315789473684, 17.0, 2
.01, 1.6589853763580322, 182.9492688179016, 100, 2.0, 19.0, 0.10526315789473684, 17.0, 1
.01, 1.6589850187301636, 182.94925093650818, 100, 2.0, 19.0, 0.10526315789473684, 17.0, 1
.01, 1.6589848399162292, 182.94924199581146, 100, 2.0, 19.0, 0.10526315789473684, 17.0, 2
.01, 1.6589849293231964, 182.94924646615982, 100, 2.0, 19.0, 0.10526315789473684, 17.0, 2
.01, 1.65898497402668, 182.949248701334, 100, 2.0, 19.0, 0.10526315789473684, 17.0, 3
.01, 1.25, 162.5, 100, 3.0, 18.0, 0.16666666666666666, 17.0, 2
.01, 1.625, 181.25, 100, 3.0, 18.0, 0.16666666666666666, 17.0, 1
.01, 1.4375, 171.875, 100, 3.0, 18.0, 0.16666666666666666, 17.0, 2
.01, 1.53125, 176.5625, 100, 3.0, 18.0, 0.16666666666666666, 17.0, 2
.01, 1.578125, 178.90625, 100, 3.0, 18.0, 0.16666666666666666, 17.0, 1
.01, 1.5546875, 177.734375, 100, 3.0, 18.0, 0.16666666666666666, 17.0, 2
.01, 1.56640625, 178.3203125, 100, 3.0, 18.0, 0.16666666666666666, 17.0, 2
.01, 1.572265625, 178.61328125, 100, 3.0, 18.0, 0.16666666666666666, 17.0, 1
.01, 1.5693359375, 178.466796875, 100, 3.0, 18.0, 0.16666666666666666, 17.0, 1
.01, 1.56787109375, 178.3935546875, 100, 3.0, 18.0, 0.16666666666666666, 17.0, 1
.01, 1.567138671875, 178.35693359375, 100, 3.0, 18.0, 0.16666666666666666, 17.0, 2
.01, 1.5675048828125, 178.375244140625, 100, 3.0, 18.0, 0.16666666666666666, 17.0, 1
.01, 1.56732177734375, 178.3660888671875, 100, 3.0, 18.0, 0.16666666666666666, 17.0, 2
.01, 1.567413330078125, 178.37066650390625, 100, 3.0, 18.0, 0.16666666666666666, 17.0, 1
.01, 1.5673675537109375, 178.36837768554688, 100, 3.0, 18.0, 0.16666666666666666, 17.0, 1
.01, 1.5673446655273438, 178.3672332763672, 100, 3.0, 18.0, 0.16666666666666666, 17.0, 2
.01, 1.5673561096191406, 178.36780548095703, 100, 3.0, 18.0, 0.16666666666666666, 17.0, 2
.01, 1.567361831665039, 178.36809158325195, 100, 3.0, 18.0, 0.16666666666666666, 17.0, 1
.01, 1.5673589706420898, 178.3679485321045, 100, 3.0, 18.0, 0.16666666666666666, 17.0, 2
.01, 1.5673604011535645, 178.36802005767822, 100, 3.0, 18.0, 0.16666666666666666, 17.0, 2
.01, 1.5673611164093018, 178.3680558204651, 100, 3.0, 18.0, 0.16666666666666666, 17.0, 2
.01, 1.5673614740371704, 178.36807370185852, 100, 3.0, 18.0, 0.16666666666666666, 17.0, 1
.01, 1.567361295223236, 178.3680647611618, 100, 3.0, 18.0, 0.16666666666666666, 17.0, 1
.01, 1.567361205816269, 178.36806029081345, 100, 3.0, 18.0, 0.16666666666666666, 17.0, 2
.01, 1.5673612505197525, 178.36806252598763, 100, 3.0, 18.0, 0.16666666666666666, 17.0, 3
.01, 1.25, 162.5, 100, 4.0, 17.0, 0.23529411764705882, 17.0, 2
.01, 1.625, 181.25, 100, 4.0, 17.0, 0.23529411764705882, 17.0, 1
.01, 1.4375, 171.875, 100, 4.0, 17.0, 0.23529411764705882, 17.0, 2
.01, 1.53125, 176.5625, 100, 4.0, 17.0, 0.23529411764705882, 17.0, 1
.01, 1.484375, 174.21875, 100, 4.0, 17.0, 0.23529411764705882, 17.0, 2
.01, 1.5078125, 175.390625, 100, 4.0, 17.0, 0.23529411764705882, 17.0, 1
.01, 1.49609375, 174.8046875, 100, 4.0, 17.0, 0.23529411764705882, 17.0, 2
.01, 1.501953125, 175.09765625, 100, 4.0, 17.0, 0.23529411764705882, 17.0, 1
.01, 1.4990234375, 174.951171875, 100, 4.0, 17.0, 0.23529411764705882, 17.0, 1
.01, 1.49755859375, 174.8779296875, 100, 4.0, 17.0, 0.23529411764705882, 17.0, 1
.01, 1.496826171875, 174.84130859375, 100, 4.0, 17.0, 0.23529411764705882, 17.0, 1
.01, 1.4964599609375, 174.822998046875, 100, 4.0, 17.0, 0.23529411764705882, 17.0, 1
.01, 1.49627685546875, 174.8138427734375, 100, 4.0, 17.0, 0.23529411764705882, 17.0, 2
.01, 1.496368408203125, 174.81842041015625, 100, 4.0, 17.0, 0.23529411764705882, 17.0, 1
.01, 1.4963226318359375, 174.81613159179688, 100, 4.0, 17.0, 0.23529411764705882, 17.0, 1
.01, 1.4962997436523438, 174.8149871826172, 100, 4.0, 17.0, 0.23529411764705882, 17.0, 1
.01, 1.4962882995605469, 174.81441497802734, 100, 4.0, 17.0, 0.23529411764705882, 17.0, 1
.01, 1.4962825775146484, 174.81412887573242, 100, 4.0, 17.0, 0.23529411764705882, 17.0, 1
.01, 1.4962797164916992, 174.81398582458496, 100, 4.0, 17.0, 0.23529411764705882, 17.0, 2
.01, 1.4962811470031738, 174.8140573501587, 100, 4.0, 17.0, 0.23529411764705882, 17.0, 1
.01, 1.4962804317474365, 174.81402158737183, 100, 4.0, 17.0, 0.23529411764705882, 17.0, 1
.01, 1.4962800741195679, 174.8140037059784, 100, 4.0, 17.0, 0.23529411764705882, 17.0, 1
.01, 1.4962798953056335, 174.81399476528168, 100, 4.0, 17.0, 0.23529411764705882, 17.0, 1
.01, 1.4962798058986664, 174.81399029493332, 100, 4.0, 17.0, 0.23529411764705882, 17.0, 1
.01, 1.4962797611951828, 174.81398805975914, 100, 4.0, 17.0, 0.23529411764705882, 17.0, 3
.01, 1.25, 162.5, 100, 5.0, 16.0, 0.3125, 17.0, 2
.01, 1.625, 181.25, 100, 5.0, 16.0, 0.3125, 17.0, 1
.01, 1.4375, 171.875, 100, 5.0, 16.0, 0.3125, 17.0, 1
.01, 1.34375, 167.1875, 100, 5.0, 16.0, 0.3125, 17.0, 2
.01, 1.390625, 169.53125, 100, 5.0, 16.0, 0.3125, 17.0, 2
.01, 1.4140625, 170.703125, 100, 5.0, 16.0, 0.3125, 17.0, 2
.01, 1.42578125, 171.2890625, 100, 5.0, 16.0, 0.3125, 17.0, 2
.01, 1.431640625, 171.58203125, 100, 5.0, 16.0, 0.3125, 17.0, 2
.01, 1.4345703125, 171.728515625, 100, 5.0, 16.0, 0.3125, 17.0, 2
.01, 1.43603515625, 171.8017578125, 100, 5.0, 16.0, 0.3125, 17.0, 2
.01, 1.436767578125, 171.83837890625, 100, 5.0, 16.0, 0.3125, 17.0, 2
.01, 1.4371337890625, 171.856689453125, 100, 5.0, 16.0, 0.3125, 17.0, 1
.01, 1.43695068359375, 171.8475341796875, 100, 5.0, 16.0, 0.3125, 17.0, 2
.01, 1.437042236328125, 171.85211181640625, 100, 5.0, 16.0, 0.3125, 17.0, 1
.01, 1.4369964599609375, 171.84982299804688, 100, 5.0, 16.0, 0.3125, 17.0, 1
.01, 1.4369735717773438, 171.8486785888672, 100, 5.0, 16.0, 0.3125, 17.0, 1
.01, 1.4369621276855469, 171.84810638427734, 100, 5.0, 16.0, 0.3125, 17.0, 2
.01, 1.4369678497314453, 171.84839248657227, 100, 5.0, 16.0, 0.3125, 17.0, 1
.01, 1.436964988708496, 171.8482494354248, 100, 5.0, 16.0, 0.3125, 17.0, 2
.01, 1.4369664192199707, 171.84832096099854, 100, 5.0, 16.0, 0.3125, 17.0, 2
.01, 1.436967134475708, 171.8483567237854, 100, 5.0, 16.0, 0.3125, 17.0, 2
.01, 1.4369674921035767, 171.84837460517883, 100, 5.0, 16.0, 0.3125, 17.0, 2
.01, 1.436967670917511, 171.84838354587555, 100, 5.0, 16.0, 0.3125, 17.0, 2
.01, 1.4369677603244781, 171.8483880162239, 100, 5.0, 16.0, 0.3125, 17.0, 2
.01, 1.4369678050279617, 171.8483902513981, 100, 5.0, 16.0, 0.3125, 17.0, 3
.01, 1.25, 162.5, 100, 6.0, 15.0, 0.40000000000000002, 17.0, 2
.01, 1.625, 181.25, 100, 6.0, 15.0, 0.40000000000000002, 17.0, 1
.01, 1.4375, 171.875, 100, 6.0, 15.0, 0.40000000000000002, 17.0, 1
.01, 1.34375, 167.1875, 100, 6.0, 15.0, 0.40000000000000002, 17.0, 2
.01, 1.390625, 169.53125, 100, 6.0, 15.0, 0.40000000000000002, 17.0, 1
.01, 1.3671875, 168.359375, 100, 6.0, 15.0, 0.40000000000000002, 17.0, 2
.01, 1.37890625, 168.9453125, 100, 6.0, 15.0, 0.40000000000000002, 17.0, 2
.01, 1.384765625, 169.23828125, 100, 6.0, 15.0, 0.40000000000000002, 17.0, 2
.01, 1.3876953125, 169.384765625, 100, 6.0, 15.0, 0.40000000000000002, 17.0, 1
.01, 1.38623046875, 169.3115234375, 100, 6.0, 15.0, 0.40000000000000002, 17.0, 1
.01, 1.385498046875, 169.27490234375, 100, 6.0, 15.0, 0.40000000000000002, 17.0, 1
.01, 1.3851318359375, 169.256591796875, 100, 6.0, 15.0, 0.40000000000000002, 17.0, 2
.01, 1.38531494140625, 169.2657470703125, 100, 6.0, 15.0, 0.40000000000000002, 17.0, 1
.01, 1.385223388671875, 169.26116943359375, 100, 6.0, 15.0, 0.40000000000000002, 17.0, 1
.01, 1.3851776123046875, 169.25888061523438, 100, 6.0, 15.0, 0.40000000000000002, 17.0, 2
.01, 1.3852005004882812, 169.26002502441406, 100, 6.0, 15.0, 0.40000000000000002, 17.0, 1
.01, 1.3851890563964844, 169.25945281982422, 100, 6.0, 15.0, 0.40000000000000002, 17.0, 1
.01, 1.385183334350586, 169.2591667175293, 100, 6.0, 15.0, 0.40000000000000002, 17.0, 2
.01, 1.3851861953735352, 169.25930976867676, 100, 6.0, 15.0, 0.40000000000000002, 17.0, 1
.01, 1.3851847648620605, 169.25923824310303, 100, 6.0, 15.0, 0.40000000000000002, 17.0, 1
.01, 1.3851840496063232, 169.25920248031616, 100, 6.0, 15.0, 0.40000000000000002, 17.0, 1
.01, 1.3851836919784546, 169.25918459892273, 100, 6.0, 15.0, 0.40000000000000002, 17.0, 2
.01, 1.385183870792389, 169.25919353961945, 100, 6.0, 15.0, 0.40000000000000002, 17.0, 2
.01, 1.385183960199356, 169.2591980099678, 100, 6.0, 15.0, 0.40000000000000002, 17.0, 2
.01, 1.3851840049028397, 169.25920024514198, 100, 6.0, 15.0, 0.40000000000000002, 17.0, 3
.01, 1.25, 162.5, 100, 7.0, 14.0, 0.5, 17.0, 2
.01, 1.625, 181.25, 100, 7.0, 14.0, 0.5, 17.0, 1
.01, 1.4375, 171.875, 100, 7.0, 14.0, 0.5, 17.0, 1
.01, 1.34375, 167.1875, 100, 7.0, 14.0, 0.5, 17.0, 1
.01, 1.296875, 164.84375, 100, 7.0, 14.0, 0.5, 17.0, 2
.01, 1.3203125, 166.015625, 100, 7.0, 14.0, 0.5, 17.0, 2
.01, 1.33203125, 166.6015625, 100, 7.0, 14.0, 0.5, 17.0, 2
.01, 1.337890625, 166.89453125, 100, 7.0, 14.0, 0.5, 17.0, 2
.01, 1.3408203125, 167.041015625, 100, 7.0, 14.0, 0.5, 17.0, 1
.01, 1.33935546875, 166.9677734375, 100, 7.0, 14.0, 0.5, 17.0, 1
.01, 1.338623046875, 166.93115234375, 100, 7.0, 14.0, 0.5, 17.0, 1
.01, 1.3382568359375, 166.912841796875, 100, 7.0, 14.0, 0.5, 17.0, 2
.01, 1.33843994140625, 166.9219970703125, 100, 7.0, 14.0, 0.5, 17.0, 2
.01, 1.338531494140625, 166.92657470703125, 100, 7.0, 14.0, 0.5, 17.0, 1
.01, 1.3384857177734375, 166.92428588867188, 100, 7.0, 14.0, 0.5, 17.0, 2
.01, 1.3385086059570312, 166.92543029785156, 100, 7.0, 14.0, 0.5, 17.0, 2
.01, 1.3385200500488281, 166.9260025024414, 100, 7.0, 14.0, 0.5, 17.0, 1
.01, 1.3385143280029297, 166.92571640014648, 100, 7.0, 14.0, 0.5, 17.0, 2
.01, 1.338517189025879, 166.92585945129395, 100, 7.0, 14.0, 0.5, 17.0, 1
.01, 1.3385157585144043, 166.92578792572021, 100, 7.0, 14.0, 0.5, 17.0, 1
.01, 1.338515043258667, 166.92575216293335, 100, 7.0, 14.0, 0.5, 17.0, 1
.01, 1.3385146856307983, 166.92573428153992, 100, 7.0, 14.0, 0.5, 17.0, 1
.01, 1.338514506816864, 166.9257253408432, 100, 7.0, 14.0, 0.5, 17.0, 2
.01, 1.3385145962238312, 166.92572981119156, 100, 7.0, 14.0, 0.5, 17.0, 2
.01, 1.3385146409273148, 166.92573204636574, 100, 7.0, 14.0, 0.5, 17.0, 3
.01, 1.25, 162.5, 100, 8.0, 13.0, 0.61538461538461542, 17.0, 2
.01, 1.625, 181.25, 100, 8.0, 13.0, 0.61538461538461542, 17.0, 1
.01, 1.4375, 171.875, 100, 8.0, 13.0, 0.61538461538461542, 17.0, 1
.01, 1.34375, 167.1875, 100, 8.0, 13.0, 0.61538461538461542, 17.0, 1
.01, 1.296875, 164.84375, 100, 8.0, 13.0, 0.61538461538461542, 17.0, 1
.01, 1.2734375, 163.671875, 100, 8.0, 13.0, 0.61538461538461542, 17.0, 2
.01, 1.28515625, 164.2578125, 100, 8.0, 13.0, 0.61538461538461542, 17.0, 2
.01, 1.291015625, 164.55078125, 100, 8.0, 13.0, 0.61538461538461542, 17.0, 2
.01, 1.2939453125, 164.697265625, 100, 8.0, 13.0, 0.61538461538461542, 17.0, 2
.01, 1.29541015625, 164.7705078125, 100, 8.0, 13.0, 0.61538461538461542, 17.0, 2
.01, 1.296142578125, 164.80712890625, 100, 8.0, 13.0, 0.61538461538461542, 17.0, 1
.01, 1.2957763671875, 164.788818359375, 100, 8.0, 13.0, 0.61538461538461542, 17.0, 1
.01, 1.29559326171875, 164.7796630859375, 100, 8.0, 13.0, 0.61538461538461542, 17.0, 1
.01, 1.295501708984375, 164.77508544921875, 100, 8.0, 13.0, 0.61538461538461542, 17.0, 1
.01, 1.2954559326171875, 164.77279663085938, 100, 8.0, 13.0, 0.61538461538461542, 17.0, 1
.01, 1.2954330444335938, 164.7716522216797, 100, 8.0, 13.0, 0.61538461538461542, 17.0, 1
.01, 1.2954216003417969, 164.77108001708984, 100, 8.0, 13.0, 0.61538461538461542, 17.0, 2
.01, 1.2954273223876953, 164.77136611938477, 100, 8.0, 13.0, 0.61538461538461542, 17.0, 2
.01, 1.2954301834106445, 164.77150917053223, 100, 8.0, 13.0, 0.61538461538461542, 17.0, 1
.01, 1.29542875289917, 164.7714376449585, 100, 8.0, 13.0, 0.61538461538461542, 17.0, 1
.01, 1.2954280376434326, 164.77140188217163, 100, 8.0, 13.0, 0.61538461538461542, 17.0, 2
.01, 1.2954283952713013, 164.77141976356506, 100, 8.0, 13.0, 0.61538461538461542, 17.0, 1
.01, 1.295428216457367, 164.77141082286835, 100, 8.0, 13.0, 0.61538461538461542, 17.0, 1
.01, 1.2954281270503998, 164.77140635252, 100, 8.0, 13.0, 0.61538461538461542, 17.0, 1
.01, 1.2954280823469162, 164.7714041173458, 100, 8.0, 13.0, 0.61538461538461542, 17.0, 3
.01, 1.25, 162.5, 100, 9.0, 12.0, 0.75, 17.0, 2
.01, 1.625, 181.25, 100, 9.0, 12.0, 0.75, 17.0, 1
.01, 1.4375, 171.875, 100, 9.0, 12.0, 0.75, 17.0, 1
.01, 1.34375, 167.1875, 100, 9.0, 12.0, 0.75, 17.0, 1
.01, 1.296875, 164.84375, 100, 9.0, 12.0, 0.75, 17.0, 1
.01, 1.2734375, 163.671875, 100, 9.0, 12.0, 0.75, 17.0, 1
.01, 1.26171875, 163.0859375, 100, 9.0, 12.0, 0.75, 17.0, 1
.01, 1.255859375, 162.79296875, 100, 9.0, 12.0, 0.75, 17.0, 1
.01, 1.2529296875, 162.646484375, 100, 9.0, 12.0, 0.75, 17.0, 2
.01, 1.25439453125, 162.7197265625, 100, 9.0, 12.0, 0.75, 17.0, 2
.01, 1.255126953125, 162.75634765625, 100, 9.0, 12.0, 0.75, 17.0, 1
.01, 1.2547607421875, 162.738037109375, 100, 9.0, 12.0, 0.75, 17.0, 2
.01, 1.25494384765625, 162.7471923828125, 100, 9.0, 12.0, 0.75, 17.0, 1
.01, 1.254852294921875, 162.74261474609375, 100, 9.0, 12.0, 0.75, 17.0, 2
.01, 1.2548980712890625, 162.74490356445312, 100, 9.0, 12.0, 0.75, 17.0, 1
.01, 1.2548751831054688, 162.74375915527344, 100, 9.0, 12.0, 0.75, 17.0, 1
.01, 1.2548637390136719, 162.7431869506836, 100, 9.0, 12.0, 0.75, 17.0, 2
.01, 1.2548694610595703, 162.74347305297852, 100, 9.0, 12.0, 0.75, 17.0, 1
.01, 1.254866600036621, 162.74333000183105, 100, 9.0, 12.0, 0.75, 17.0, 1
.01, 1.2548651695251465, 162.74325847625732, 100, 9.0, 12.0, 0.75, 17.0, 2
.01, 1.2548658847808838, 162.7432942390442, 100, 9.0, 12.0, 0.75, 17.0, 2
.01, 1.2548662424087524, 162.74331212043762, 100, 9.0, 12.0, 0.75, 17.0, 1
.01, 1.2548660635948181, 162.7433031797409, 100, 9.0, 12.0, 0.75, 17.0, 2
.01, 1.2548661530017853, 162.74330765008926, 100, 9.0, 12.0, 0.75, 17.0, 2
.01, 1.2548661977052689, 162.74330988526344, 100, 9.0, 12.0, 0.75, 17.0, 3
.01, 1.25, 162.5, 100, 10.0, 11.0, 0.90909090909090906, 17.0, 1
.01, 0.875, 143.75, 100, 10.0, 11.0, 0.90909090909090906, 17.0, 2
.01, 1.0625, 153.125, 100, 10.0, 11.0, 0.90909090909090906, 17.0, 2
.01, 1.15625, 157.8125, 100, 10.0, 11.0, 0.90909090909090906, 17.0, 2
.01, 1.203125, 160.15625, 100, 10.0, 11.0, 0.90909090909090906, 17.0, 2
.01, 1.2265625, 161.328125, 100, 10.0, 11.0, 0.90909090909090906, 17.0, 1
.01, 1.21484375, 160.7421875, 100, 10.0, 11.0, 0.90909090909090906, 17.0, 2
.01, 1.220703125, 161.03515625, 100, 10.0, 11.0, 0.90909090909090906, 17.0, 1
.01, 1.2177734375, 160.888671875, 100, 10.0, 11.0, 0.90909090909090906, 17.0, 1
.01, 1.21630859375, 160.8154296875, 100, 10.0, 11.0, 0.90909090909090906, 17.0, 1
.01, 1.215576171875, 160.77880859375, 100, 10.0, 11.0, 0.90909090909090906, 17.0, 2
.01, 1.2159423828125, 160.797119140625, 100, 10.0, 11.0, 0.90909090909090906, 17.0, 2
.01, 1.21612548828125, 160.8062744140625, 100, 10.0, 11.0, 0.90909090909090906, 17.0, 1
.01, 1.216033935546875, 160.80169677734375, 100, 10.0, 11.0, 0.90909090909090906, 17.0, 2
.01, 1.2160797119140625, 160.80398559570312, 100, 10.0, 11.0, 0.90909090909090906, 17.0, 1
.01, 1.2160568237304688, 160.80284118652344, 100, 10.0, 11.0, 0.90909090909090906, 17.0, 1
.01, 1.2160453796386719, 160.8022689819336, 100, 10.0, 11.0, 0.90909090909090906, 17.0, 1
.01, 1.2160396575927734, 160.80198287963867, 100, 10.0, 11.0, 0.90909090909090906, 17.0, 2
.01, 1.2160425186157227, 160.80212593078613, 100, 10.0, 11.0, 0.90909090909090906, 17.0, 1
.01, 1.216041088104248, 160.8020544052124, 100, 10.0, 11.0, 0.90909090909090906, 17.0, 2
.01, 1.2160418033599854, 160.80209016799927, 100, 10.0, 11.0, 0.90909090909090906, 17.0, 1
.01, 1.2160414457321167, 160.80207228660583, 100, 10.0, 11.0, 0.90909090909090906, 17.0, 1
.01, 1.2160412669181824, 160.80206334590912, 100, 10.0, 11.0, 0.90909090909090906, 17.0, 2
.01, 1.2160413563251495, 160.80206781625748, 100, 10.0, 11.0, 0.90909090909090906, 17.0, 2
.01, 1.2160414010286331, 160.80207005143166, 100, 10.0, 11.0, 0.90909090909090906, 17.0, 3
.01, 1.25, 162.5, 100, 11.0, 10.0, 1.1000000000000001, 17.0, 1
.01, 0.875, 143.75, 100, 11.0, 10.0, 1.1000000000000001, 17.0, 2
.01, 1.0625, 153.125, 100, 11.0, 10.0, 1.1000000000000001, 17.0, 2
.01, 1.15625, 157.8125, 100, 11.0, 10.0, 1.1000000000000001, 17.0, 2
.01, 1.203125, 160.15625, 100, 11.0, 10.0, 1.1000000000000001, 17.0, 1
.01, 1.1796875, 158.984375, 100, 11.0, 10.0, 1.1000000000000001, 17.0, 1
.01, 1.16796875, 158.3984375, 100, 11.0, 10.0, 1.1000000000000001, 17.0, 2
.01, 1.173828125, 158.69140625, 100, 11.0, 10.0, 1.1000000000000001, 17.0, 2
.01, 1.1767578125, 158.837890625, 100, 11.0, 10.0, 1.1000000000000001, 17.0, 2
.01, 1.17822265625, 158.9111328125, 100, 11.0, 10.0, 1.1000000000000001, 17.0, 2
.01, 1.178955078125, 158.94775390625, 100, 11.0, 10.0, 1.1000000000000001, 17.0, 1
.01, 1.1785888671875, 158.929443359375, 100, 11.0, 10.0, 1.1000000000000001, 17.0, 1
.01, 1.17840576171875, 158.9202880859375, 100, 11.0, 10.0, 1.1000000000000001, 17.0, 1
.01, 1.178314208984375, 158.91571044921875, 100, 11.0, 10.0, 1.1000000000000001, 17.0, 2
.01, 1.1783599853515625, 158.91799926757812, 100, 11.0, 10.0, 1.1000000000000001, 17.0, 1
.01, 1.1783370971679688, 158.91685485839844, 100, 11.0, 10.0, 1.1000000000000001, 17.0, 1
.01, 1.1783256530761719, 158.9162826538086, 100, 11.0, 10.0, 1.1000000000000001, 17.0, 1
.01, 1.1783199310302734, 158.91599655151367, 100, 11.0, 10.0, 1.1000000000000001, 17.0, 2
.01, 1.1783227920532227, 158.91613960266113, 100, 11.0, 10.0, 1.1000000000000001, 17.0, 2
.01, 1.1783242225646973, 158.91621112823486, 100, 11.0, 10.0, 1.1000000000000001, 17.0, 1
.01, 1.17832350730896, 158.916175365448, 100, 11.0, 10.0, 1.1000000000000001, 17.0, 1
.01, 1.1783231496810913, 158.91615748405457, 100, 11.0, 10.0, 1.1000000000000001, 17.0, 1
.01, 1.178322970867157, 158.91614854335785, 100, 11.0, 10.0, 1.1000000000000001, 17.0, 1
.01, 1.1783228814601898, 158.9161440730095, 100, 11.0, 10.0, 1.1000000000000001, 17.0, 2
.01, 1.1783229261636734, 158.91614630818367, 100, 11.0, 10.0, 1.1000000000000001, 17.0, 3
.01, 1.25, 162.5, 100, 12.0, 9.0, 1.3333333333333333, 17.0, 1
.01, 0.875, 143.75, 100, 12.0, 9.0, 1.3333333333333333, 17.0, 2
.01, 1.0625, 153.125, 100, 12.0, 9.0, 1.3333333333333333, 17.0, 2
.01, 1.15625, 157.8125, 100, 12.0, 9.0, 1.3333333333333333, 17.0, 1
.01, 1.109375, 155.46875, 100, 12.0, 9.0, 1.3333333333333333, 17.0, 2
.01, 1.1328125, 156.640625, 100, 12.0, 9.0, 1.3333333333333333, 17.0, 2
.01, 1.14453125, 157.2265625, 100, 12.0, 9.0, 1.3333333333333333, 17.0, 1
.01, 1.138671875, 156.93359375, 100, 12.0, 9.0, 1.3333333333333333, 17.0, 2
.01, 1.1416015625, 157.080078125, 100, 12.0, 9.0, 1.3333333333333333, 17.0, 1
.01, 1.14013671875, 157.0068359375, 100, 12.0, 9.0, 1.3333333333333333, 17.0, 2
.01, 1.140869140625, 157.04345703125, 100, 12.0, 9.0, 1.3333333333333333, 17.0, 2
.01, 1.1412353515625, 157.061767578125, 100, 12.0, 9.0, 1.3333333333333333, 17.0, 1
.01, 1.14105224609375, 157.0526123046875, 100, 12.0, 9.0, 1.3333333333333333, 17.0, 2
.01, 1.141143798828125, 157.05718994140625, 100, 12.0, 9.0, 1.3333333333333333, 17.0, 2
.01, 1.1411895751953125, 157.05947875976562, 100, 12.0, 9.0, 1.3333333333333333, 17.0, 1
.01, 1.1411666870117188, 157.05833435058594, 100, 12.0, 9.0, 1.3333333333333333, 17.0, 1
.01, 1.1411552429199219, 157.0577621459961, 100, 12.0, 9.0, 1.3333333333333333, 17.0, 2
.01, 1.1411609649658203, 157.05804824829102, 100, 12.0, 9.0, 1.3333333333333333, 17.0, 2
.01, 1.1411638259887695, 157.05819129943848, 100, 12.0, 9.0, 1.3333333333333333, 17.0, 2
.01, 1.1411652565002441, 157.0582628250122, 100, 12.0, 9.0, 1.3333333333333333, 17.0, 1
.01, 1.1411645412445068, 157.05822706222534, 100, 12.0, 9.0, 1.3333333333333333, 17.0, 2
.01, 1.1411648988723755, 157.05824494361877, 100, 12.0, 9.0, 1.3333333333333333, 17.0, 1
.01, 1.1411647200584412, 157.05823600292206, 100, 12.0, 9.0, 1.3333333333333333, 17.0, 2
.01, 1.1411648094654083, 157.05824047327042, 100, 12.0, 9.0, 1.3333333333333333, 17.0, 2
.01, 1.141164854168892, 157.0582427084446, 100, 12.0, 9.0, 1.3333333333333333, 17.0, 3
.01, 1.25, 162.5, 100, 13.0, 8.0, 1.625, 17.0, 1
.01, 0.875, 143.75, 100, 13.0, 8.0, 1.625, 17.0, 2
.01, 1.0625, 153.125, 100, 13.0, 8.0, 1.625, 17.0, 2
.01, 1.15625, 157.8125, 100, 13.0, 8.0, 1.625, 17.0, 1
.01, 1.109375, 155.46875, 100, 13.0, 8.0, 1.625, 17.0, 1
.01, 1.0859375, 154.296875, 100, 13.0, 8.0, 1.625, 17.0, 2
.01, 1.09765625, 154.8828125, 100, 13.0, 8.0, 1.625, 17.0, 2
.01, 1.103515625, 155.17578125, 100, 13.0, 8.0, 1.625, 17.0, 2
.01, 1.1064453125, 155.322265625, 100, 13.0, 8.0, 1.625, 17.0, 1
.01, 1.10498046875, 155.2490234375, 100, 13.0, 8.0, 1.625, 17.0, 1
.01, 1.104248046875, 155.21240234375, 100, 13.0, 8.0, 1.625, 17.0, 1
.01, 1.1038818359375, 155.194091796875, 100, 13.0, 8.0, 1.625, 17.0, 2
.01, 1.10406494140625, 155.2032470703125, 100, 13.0, 8.0, 1.625, 17.0, 1
.01, 1.103973388671875, 155.19866943359375, 100, 13.0, 8.0, 1.625, 17.0, 2
.01, 1.1040191650390625, 155.20095825195312, 100, 13.0, 8.0, 1.625, 17.0, 2
.01, 1.1040420532226562, 155.2021026611328, 100, 13.0, 8.0, 1.625, 17.0, 2
.01, 1.1040534973144531, 155.20267486572266, 100, 13.0, 8.0, 1.625, 17.0, 1
.01, 1.1040477752685547, 155.20238876342773, 100, 13.0, 8.0, 1.625, 17.0, 2
.01, 1.104050636291504, 155.2025318145752, 100, 13.0, 8.0, 1.625, 17.0, 2
.01, 1.1040520668029785, 155.20260334014893, 100, 13.0, 8.0, 1.625, 17.0, 2
.01, 1.1040527820587158, 155.2026391029358, 100, 13.0, 8.0, 1.625, 17.0, 1
.01, 1.1040524244308472, 155.20262122154236, 100, 13.0, 8.0, 1.625, 17.0, 2
.01, 1.1040526032447815, 155.20263016223907, 100, 13.0, 8.0, 1.625, 17.0, 1
.01, 1.1040525138378143, 155.20262569189072, 100, 13.0, 8.0, 1.625, 17.0, 2
.01, 1.104052558541298, 155.2026279270649, 100, 13.0, 8.0, 1.625, 17.0, 3
.01, 1.25, 162.5, 100, 14.0, 7.0, 2.0, 17.0, 1
.01, 0.875, 143.75, 100, 14.0, 7.0, 2.0, 17.0, 2
.01, 1.0625, 153.125, 100, 14.0, 7.0, 2.0, 17.0, 2
.01, 1.15625, 157.8125, 100, 14.0, 7.0, 2.0, 17.0, 1
.01, 1.109375, 155.46875, 100, 14.0, 7.0, 2.0, 17.0, 1
.01, 1.0859375, 154.296875, 100, 14.0, 7.0, 2.0, 17.0, 1
.01, 1.07421875, 153.7109375, 100, 14.0, 7.0, 2.0, 17.0, 1
.01, 1.068359375, 153.41796875, 100, 14.0, 7.0, 2.0, 17.0, 1
.01, 1.0654296875, 153.271484375, 100, 14.0, 7.0, 2.0, 17.0, 2
.01, 1.06689453125, 153.3447265625, 100, 14.0, 7.0, 2.0, 17.0, 1
.01, 1.066162109375, 153.30810546875, 100, 14.0, 7.0, 2.0, 17.0, 2
.01, 1.0665283203125, 153.326416015625, 100, 14.0, 7.0, 2.0, 17.0, 1
.01, 1.06634521484375, 153.3172607421875, 100, 14.0, 7.0, 2.0, 17.0, 2
.01, 1.066436767578125, 153.32183837890625, 100, 14.0, 7.0, 2.0, 17.0, 2
.01, 1.0664825439453125, 153.32412719726562, 100, 14.0, 7.0, 2.0, 17.0, 1
.01, 1.0664596557617188, 153.32298278808594, 100, 14.0, 7.0, 2.0, 17.0, 1
.01, 1.0664482116699219, 153.3224105834961, 100, 14.0, 7.0, 2.0, 17.0, 2
.01, 1.0664539337158203, 153.32269668579102, 100, 14.0, 7.0, 2.0, 17.0, 2
.01, 1.0664567947387695, 153.32283973693848, 100, 14.0, 7.0, 2.0, 17.0, 1
.01, 1.066455364227295, 153.32276821136475, 100, 14.0, 7.0, 2.0, 17.0, 1
.01, 1.0664546489715576, 153.32273244857788, 100, 14.0, 7.0, 2.0, 17.0, 1
.01, 1.066454291343689, 153.32271456718445, 100, 14.0, 7.0, 2.0, 17.0, 1
.01, 1.0664541125297546, 153.32270562648773, 100, 14.0, 7.0, 2.0, 17.0, 2
.01, 1.0664542019367218, 153.3227100968361, 100, 14.0, 7.0, 2.0, 17.0, 1
.01, 1.0664541572332382, 153.3227078616619, 100, 14.0, 7.0, 2.0, 17.0, 3
.01, 1.25, 162.5, 100, 15.0, 6.0, 2.5, 17.0, 1
.01, 0.875, 143.75, 100, 15.0, 6.0, 2.5, 17.0, 2
.01, 1.0625, 153.125, 100, 15.0, 6.0, 2.5, 17.0, 1
.01, 0.96875, 148.4375, 100, 15.0, 6.0, 2.5, 17.0, 2
.01, 1.015625, 150.78125, 100, 15.0, 6.0, 2.5, 17.0, 2
.01, 1.0390625, 151.953125, 100, 15.0, 6.0, 2.5, 17.0, 1
.01, 1.02734375, 151.3671875, 100, 15.0, 6.0, 2.5, 17.0, 2
.01, 1.033203125, 151.66015625, 100, 15.0, 6.0, 2.5, 17.0, 1
.01, 1.0302734375, 151.513671875, 100, 15.0, 6.0, 2.5, 17.0, 1
.01, 1.02880859375, 151.4404296875, 100, 15.0, 6.0, 2.5, 17.0, 1
.01, 1.028076171875, 151.40380859375, 100, 15.0, 6.0, 2.5, 17.0, 1
.01, 1.0277099609375, 151.385498046875, 100, 15.0, 6.0, 2.5, 17.0, 2
.01, 1.02789306640625, 151.3946533203125, 100, 15.0, 6.0, 2.5, 17.0, 1
.01, 1.027801513671875, 151.39007568359375, 100, 15.0, 6.0, 2.5, 17.0, 1
.01, 1.0277557373046875, 151.38778686523438, 100, 15.0, 6.0, 2.5, 17.0, 2
.01, 1.0277786254882812, 151.38893127441406, 100, 15.0, 6.0, 2.5, 17.0, 1
.01, 1.0277671813964844, 151.38835906982422, 100, 15.0, 6.0, 2.5, 17.0, 1
.01, 1.027761459350586, 151.3880729675293, 100, 15.0, 6.0, 2.5, 17.0, 2
.01, 1.0277643203735352, 151.38821601867676, 100, 15.0, 6.0, 2.5, 17.0, 1
.01, 1.0277628898620605, 151.38814449310303, 100, 15.0, 6.0, 2.5, 17.0, 1
.01, 1.0277621746063232, 151.38810873031616, 100, 15.0, 6.0, 2.5, 17.0, 2
.01, 1.027762532234192, 151.3881266117096, 100, 15.0, 6.0, 2.5, 17.0, 2
.01, 1.0277627110481262, 151.3881355524063, 100, 15.0, 6.0, 2.5, 17.0, 2
.01, 1.0277628004550934, 151.38814002275467, 100, 15.0, 6.0, 2.5, 17.0, 1
.01, 1.0277627557516098, 151.3881377875805, 100, 15.0, 6.0, 2.5, 17.0, 3
.01, 1.25, 162.5, 100, 16.0, 5.0, 3.2000000000000002, 17.0, 1
.01, 0.875, 143.75, 100, 16.0, 5.0, 3.2000000000000002, 17.0, 2
.01, 1.0625, 153.125, 100, 16.0, 5.0, 3.2000000000000002, 17.0, 1
.01, 0.96875, 148.4375, 100, 16.0, 5.0, 3.2000000000000002, 17.0, 2
.01, 1.015625, 150.78125, 100, 16.0, 5.0, 3.2000000000000002, 17.0, 1
.01, 0.9921875, 149.609375, 100, 16.0, 5.0, 3.2000000000000002, 17.0, 1
.01, 0.98046875, 149.0234375, 100, 16.0, 5.0, 3.2000000000000002, 17.0, 2
.01, 0.986328125, 149.31640625, 100, 16.0, 5.0, 3.2000000000000002, 17.0, 2
.01, 0.9892578125, 149.462890625, 100, 16.0, 5.0, 3.2000000000000002, 17.0, 1
.01, 0.98779296875, 149.3896484375, 100, 16.0, 5.0, 3.2000000000000002, 17.0, 1
.01, 0.987060546875, 149.35302734375, 100, 16.0, 5.0, 3.2000000000000002, 17.0, 2
.01, 0.9874267578125, 149.371337890625, 100, 16.0, 5.0, 3.2000000000000002, 17.0, 1
.01, 0.98724365234375, 149.3621826171875, 100, 16.0, 5.0, 3.2000000000000002, 17.0, 1
.01, 0.987152099609375, 149.35760498046875, 100, 16.0, 5.0, 3.2000000000000002, 17.0, 2
.01, 0.9871978759765625, 149.35989379882812, 100, 16.0, 5.0, 3.2000000000000002, 17.0, 2
.01, 0.9872207641601562, 149.3610382080078, 100, 16.0, 5.0, 3.2000000000000002, 17.0, 1
.01, 0.9872093200683594, 149.36046600341797, 100, 16.0, 5.0, 3.2000000000000002, 17.0, 2
.01, 0.9872150421142578, 149.3607521057129, 100, 16.0, 5.0, 3.2000000000000002, 17.0, 1
.01, 0.9872121810913086, 149.36060905456543, 100, 16.0, 5.0, 3.2000000000000002, 17.0, 1
.01, 0.987210750579834, 149.3605375289917, 100, 16.0, 5.0, 3.2000000000000002, 17.0, 2
.01, 0.9872114658355713, 149.36057329177856, 100, 16.0, 5.0, 3.2000000000000002, 17.0, 1
.01, 0.9872111082077026, 149.36055541038513, 100, 16.0, 5.0, 3.2000000000000002, 17.0, 2
.01, 0.987211287021637, 149.36056435108185, 100, 16.0, 5.0, 3.2000000000000002, 17.0, 2
.01, 0.9872113764286041, 149.3605688214302, 100, 16.0, 5.0, 3.2000000000000002, 17.0, 1
.01, 0.9872113317251205, 149.36056658625603, 100, 16.0, 5.0, 3.2000000000000002, 17.0, 3
.01, 1.25, 162.5, 100, 17.0, 4.0, 4.25, 17.0, 1
.01, 0.875, 143.75, 100, 17.0, 4.0, 4.25, 17.0, 2
.01, 1.0625, 153.125, 100, 17.0, 4.0, 4.25, 17.0, 1
.01, 0.96875, 148.4375, 100, 17.0, 4.0, 4.25, 17.0, 1
.01, 0.921875, 146.09375, 100, 17.0, 4.0, 4.25, 17.0, 2
.01, 0.9453125, 147.265625, 100, 17.0, 4.0, 4.25, 17.0, 1
.01, 0.93359375, 146.6796875, 100, 17.0, 4.0, 4.25, 17.0, 2
.01, 0.939453125, 146.97265625, 100, 17.0, 4.0, 4.25, 17.0, 2
.01, 0.9423828125, 147.119140625, 100, 17.0, 4.0, 4.25, 17.0, 2
.01, 0.94384765625, 147.1923828125, 100, 17.0, 4.0, 4.25, 17.0, 1
.01, 0.943115234375, 147.15576171875, 100, 17.0, 4.0, 4.25, 17.0, 2
.01, 0.9434814453125, 147.174072265625, 100, 17.0, 4.0, 4.25, 17.0, 2
.01, 0.94366455078125, 147.1832275390625, 100, 17.0, 4.0, 4.25, 17.0, 2
.01, 0.943756103515625, 147.18780517578125, 100, 17.0, 4.0, 4.25, 17.0, 1
.01, 0.9437103271484375, 147.18551635742188, 100, 17.0, 4.0, 4.25, 17.0, 2
.01, 0.9437332153320312, 147.18666076660156, 100, 17.0, 4.0, 4.25, 17.0, 1
.01, 0.9437217712402344, 147.18608856201172, 100, 17.0, 4.0, 4.25, 17.0, 1
.01, 0.9437160491943359, 147.1858024597168, 100, 17.0, 4.0, 4.25, 17.0, 2
.01, 0.9437189102172852, 147.18594551086426, 100, 17.0, 4.0, 4.25, 17.0, 1
.01, 0.9437174797058105, 147.18587398529053, 100, 17.0, 4.0, 4.25, 17.0, 2
.01, 0.9437181949615479, 147.1859097480774, 100, 17.0, 4.0, 4.25, 17.0, 2
.01, 0.9437185525894165, 147.18592762947083, 100, 17.0, 4.0, 4.25, 17.0, 2
.01, 0.9437187314033508, 147.18593657016754, 100, 17.0, 4.0, 4.25, 17.0, 2
.01, 0.943718820810318, 147.1859410405159, 100, 17.0, 4.0, 4.25, 17.0, 1
.01, 0.9437187761068344, 147.18593880534172, 100, 17.0, 4.0, 4.25, 17.0, 3
.01, 1.25, 162.5, 100, 18.0, 3.0, 6.0, 17.0, 1
.01, 0.875, 143.75, 100, 18.0, 3.0, 6.0, 17.0, 2
.01, 1.0625, 153.125, 100, 18.0, 3.0, 6.0, 17.0, 1
.01, 0.96875, 148.4375, 100, 18.0, 3.0, 6.0, 17.0, 1
.01, 0.921875, 146.09375, 100, 18.0, 3.0, 6.0, 17.0, 1
.01, 0.8984375, 144.921875, 100, 18.0, 3.0, 6.0, 17.0, 1
.01, 0.88671875, 144.3359375, 100, 18.0, 3.0, 6.0, 17.0, 2
.01, 0.892578125, 144.62890625, 100, 18.0, 3.0, 6.0, 17.0, 2
.01, 0.8955078125, 144.775390625, 100, 18.0, 3.0, 6.0, 17.0, 2
.01, 0.89697265625, 144.8486328125, 100, 18.0, 3.0, 6.0, 17.0, 1
.01, 0.896240234375, 144.81201171875, 100, 18.0, 3.0, 6.0, 17.0, 1
.01, 0.8958740234375, 144.793701171875, 100, 18.0, 3.0, 6.0, 17.0, 1
.01, 0.89569091796875, 144.7845458984375, 100, 18.0, 3.0, 6.0, 17.0, 1
.01, 0.895599365234375, 144.77996826171875, 100, 18.0, 3.0, 6.0, 17.0, 1
.01, 0.8955535888671875, 144.77767944335938, 100, 18.0, 3.0, 6.0, 17.0, 2
.01, 0.8955764770507812, 144.77882385253906, 100, 18.0, 3.0, 6.0, 17.0, 1
.01, 0.8955650329589844, 144.77825164794922, 100, 18.0, 3.0, 6.0, 17.0, 1
.01, 0.8955593109130859, 144.7779655456543, 100, 18.0, 3.0, 6.0, 17.0, 1
.01, 0.8955564498901367, 144.77782249450684, 100, 18.0, 3.0, 6.0, 17.0, 2
.01, 0.8955578804016113, 144.77789402008057, 100, 18.0, 3.0, 6.0, 17.0, 2
.01, 0.8955585956573486, 144.77792978286743, 100, 18.0, 3.0, 6.0, 17.0, 1
.01, 0.89555823802948, 144.777911901474, 100, 18.0, 3.0, 6.0, 17.0, 2
.01, 0.8955584168434143, 144.77792084217072, 100, 18.0, 3.0, 6.0, 17.0, 1
.01, 0.8955583274364471, 144.77791637182236, 100, 18.0, 3.0, 6.0, 17.0, 2
.01, 0.8955583721399307, 144.77791860699654, 100, 18.0, 3.0, 6.0, 17.0, 3
.01, 1.25, 162.5, 100, 19.0, 2.0, 9.5, 17.0, 1
.01, 0.875, 143.75, 100, 19.0, 2.0, 9.5, 17.0, 1
.01, 0.6875, 134.375, 100, 19.0, 2.0, 9.5, 17.0, 2
.01, 0.78125, 139.0625, 100, 19.0, 2.0, 9.5, 17.0, 2
.01, 0.828125, 141.40625, 100, 19.0, 2.0, 9.5, 17.0, 2
.01, 0.8515625, 142.578125, 100, 19.0, 2.0, 9.5, 17.0, 1
.01, 0.83984375, 141.9921875, 100, 19.0, 2.0, 9.5, 17.0, 1
.01, 0.833984375, 141.69921875, 100, 19.0, 2.0, 9.5, 17.0, 2
.01, 0.8369140625, 141.845703125, 100, 19.0, 2.0, 9.5, 17.0, 2
.01, 0.83837890625, 141.9189453125, 100, 19.0, 2.0, 9.5, 17.0, 2
.01, 0.839111328125, 141.95556640625, 100, 19.0, 2.0, 9.5, 17.0, 2
.01, 0.8394775390625, 141.973876953125, 100, 19.0, 2.0, 9.5, 17.0, 1
.01, 0.83929443359375, 141.9647216796875, 100, 19.0, 2.0, 9.5, 17.0, 2
.01, 0.839385986328125, 141.96929931640625, 100, 19.0, 2.0, 9.5, 17.0, 2
.01, 0.8394317626953125, 141.97158813476562, 100, 19.0, 2.0, 9.5, 17.0, 2
.01, 0.8394546508789062, 141.9727325439453, 100, 19.0, 2.0, 9.5, 17.0, 2
.01, 0.8394660949707031, 141.97330474853516, 100, 19.0, 2.0, 9.5, 17.0, 2
.01, 0.8394718170166016, 141.97359085083008, 100, 19.0, 2.0, 9.5, 17.0, 1
.01, 0.8394689559936523, 141.97344779968262, 100, 19.0, 2.0, 9.5, 17.0, 1
.01, 0.8394675254821777, 141.9733762741089, 100, 19.0, 2.0, 9.5, 17.0, 1
.01, 0.8394668102264404, 141.97334051132202, 100, 19.0, 2.0, 9.5, 17.0, 2
.01, 0.8394671678543091, 141.97335839271545, 100, 19.0, 2.0, 9.5, 17.0, 1
.01, 0.8394669890403748, 141.97334945201874, 100, 19.0, 2.0, 9.5, 17.0, 1
.01, 0.8394668996334076, 141.97334498167038, 100, 19.0, 2.0, 9.5, 17.0, 1
.01, 0.839466854929924, 141.9733427464962, 100, 19.0, 2.0, 9.5, 17.0, 3
.01, 1.25, 162.5, 100, 20.0, 1.0, 20.0, 17.0, 1
.01, 0.875, 143.75, 100, 20.0, 1.0, 20.0, 17.0, 1
.01, 0.6875, 134.375, 100, 20.0, 1.0, 20.0, 17.0, 2
.01, 0.78125, 139.0625, 100, 20.0, 1.0, 20.0, 17.0, 1
.01, 0.734375, 136.71875, 100, 20.0, 1.0, 20.0, 17.0, 2
.01, 0.7578125, 137.890625, 100, 20.0, 1.0, 20.0, 17.0, 2
.01, 0.76953125, 138.4765625, 100, 20.0, 1.0, 20.0, 17.0, 1
.01, 0.763671875, 138.18359375, 100, 20.0, 1.0, 20.0, 17.0, 2
.01, 0.7666015625, 138.330078125, 100, 20.0, 1.0, 20.0, 17.0, 2
.01, 0.76806640625, 138.4033203125, 100, 20.0, 1.0, 20.0, 17.0, 1
.01, 0.767333984375, 138.36669921875, 100, 20.0, 1.0, 20.0, 17.0, 1
.01, 0.7669677734375, 138.348388671875, 100, 20.0, 1.0, 20.0, 17.0, 2
.01, 0.76715087890625, 138.3575439453125, 100, 20.0, 1.0, 20.0, 17.0, 2
.01, 0.767242431640625, 138.36212158203125, 100, 20.0, 1.0, 20.0, 17.0, 1
.01, 0.7671966552734375, 138.35983276367188, 100, 20.0, 1.0, 20.0, 17.0, 2
.01, 0.7672195434570312, 138.36097717285156, 100, 20.0, 1.0, 20.0, 17.0, 1
.01, 0.7672080993652344, 138.36040496826172, 100, 20.0, 1.0, 20.0, 17.0, 2
.01, 0.7672138214111328, 138.36069107055664, 100, 20.0, 1.0, 20.0, 17.0, 2
.01, 0.767216682434082, 138.3608341217041, 100, 20.0, 1.0, 20.0, 17.0, 1
.01, 0.7672152519226074, 138.36076259613037, 100, 20.0, 1.0, 20.0, 17.0, 1
.01, 0.7672145366668701, 138.3607268333435, 100, 20.0, 1.0, 20.0, 17.0, 1
.01, 0.7672141790390015, 138.36070895195007, 100, 20.0, 1.0, 20.0, 17.0, 1
.01, 0.7672140002250671, 138.36070001125336, 100, 20.0, 1.0, 20.0, 17.0, 1
.01, 0.7672139108181, 138.360695540905, 100, 20.0, 1.0, 20.0, 17.0, 1
.01, 0.7672138661146164, 138.36069330573082, 100, 20.0, 1.0, 20.0, 17.0, 3
