epsilon, alpha, pop1, pop2, dif1, dif2, difratio, blobsize, winner
.01, 1.25, 162.5, 100, 1.0, 20.0, 0.050000000000000003, 14.0, 2
.01, 1.625, 181.25, 100, 1.0, 20.0, 0.050000000000000003, 14.0, 2
.01, 1.8125, 190.625, 100, 1.0, 20.0, 0.050000000000000003, 14.0, 2
.01, 1.90625, 195.3125, 100, 1.0, 20.0, 0.050000000000000003, 14.0, 1
.01, 1.859375, 192.96875, 100, 1.0, 20.0, 0.050000000000000003, 14.0, 1
.01, 1.8359375, 191.796875, 100, 1.0, 20.0, 0.050000000000000003, 14.0, 2
.01, 1.84765625, 192.3828125, 100, 1.0, 20.0, 0.050000000000000003, 14.0, 1
.01, 1.841796875, 192.08984375, 100, 1.0, 20.0, 0.050000000000000003, 14.0, 2
.01, 1.8447265625, 192.236328125, 100, 1.0, 20.0, 0.050000000000000003, 14.0, 2
.01, 1.84619140625, 192.3095703125, 100, 1.0, 20.0, 0.050000000000000003, 14.0, 2
.01, 1.846923828125, 192.34619140625, 100, 1.0, 20.0, 0.050000000000000003, 14.0, 1
.01, 1.8465576171875, 192.327880859375, 100, 1.0, 20.0, 0.050000000000000003, 14.0, 2
.01, 1.84674072265625, 192.3370361328125, 100, 1.0, 20.0, 0.050000000000000003, 14.0, 2
.01, 1.846832275390625, 192.34161376953125, 100, 1.0, 20.0, 0.050000000000000003, 14.0, 2
.01, 1.8468780517578125, 192.34390258789062, 100, 1.0, 20.0, 0.050000000000000003, 14.0, 1
.01, 1.8468551635742188, 192.34275817871094, 100, 1.0, 20.0, 0.050000000000000003, 14.0, 1
.01, 1.8468437194824219, 192.3421859741211, 100, 1.0, 20.0, 0.050000000000000003, 14.0, 1
.01, 1.8468379974365234, 192.34189987182617, 100, 1.0, 20.0, 0.050000000000000003, 14.0, 2
.01, 1.8468408584594727, 192.34204292297363, 100, 1.0, 20.0, 0.050000000000000003, 14.0, 2
.01, 1.8468422889709473, 192.34211444854736, 100, 1.0, 20.0, 0.050000000000000003, 14.0, 2
.01, 1.8468430042266846, 192.34215021133423, 100, 1.0, 20.0, 0.050000000000000003, 14.0, 2
.01, 1.8468433618545532, 192.34216809272766, 100, 1.0, 20.0, 0.050000000000000003, 14.0, 1
.01, 1.846843183040619, 192.34215915203094, 100, 1.0, 20.0, 0.050000000000000003, 14.0, 2
.01, 1.846843272447586, 192.3421636223793, 100, 1.0, 20.0, 0.050000000000000003, 14.0, 2
.01, 1.8468433171510696, 192.34216585755348, 100, 1.0, 20.0, 0.050000000000000003, 14.0, 3
.01, 1.25, 162.5, 100, 2.0, 19.0, 0.10526315789473684, 14.0, 2
.01, 1.625, 181.25, 100, 2.0, 19.0, 0.10526315789473684, 14.0, 2
.01, 1.8125, 190.625, 100, 2.0, 19.0, 0.10526315789473684, 14.0, 1
.01, 1.71875, 185.9375, 100, 2.0, 19.0, 0.10526315789473684, 14.0, 1
.01, 1.671875, 183.59375, 100, 2.0, 19.0, 0.10526315789473684, 14.0, 2
.01, 1.6953125, 184.765625, 100, 2.0, 19.0, 0.10526315789473684, 14.0, 2
.01, 1.70703125, 185.3515625, 100, 2.0, 19.0, 0.10526315789473684, 14.0, 2
.01, 1.712890625, 185.64453125, 100, 2.0, 19.0, 0.10526315789473684, 14.0, 1
.01, 1.7099609375, 185.498046875, 100, 2.0, 19.0, 0.10526315789473684, 14.0, 1
.01, 1.70849609375, 185.4248046875, 100, 2.0, 19.0, 0.10526315789473684, 14.0, 2
.01, 1.709228515625, 185.46142578125, 100, 2.0, 19.0, 0.10526315789473684, 14.0, 1
.01, 1.7088623046875, 185.443115234375, 100, 2.0, 19.0, 0.10526315789473684, 14.0, 1
.01, 1.70867919921875, 185.4339599609375, 100, 2.0, 19.0, 0.10526315789473684, 14.0, 1
.01, 1.708587646484375, 185.42938232421875, 100, 2.0, 19.0, 0.10526315789473684, 14.0, 2
.01, 1.7086334228515625, 185.43167114257812, 100, 2.0, 19.0, 0.10526315789473684, 14.0, 1
.01, 1.7086105346679688, 185.43052673339844, 100, 2.0, 19.0, 0.10526315789473684, 14.0, 1
.01, 1.7085990905761719, 185.4299545288086, 100, 2.0, 19.0, 0.10526315789473684, 14.0, 2
.01, 1.7086048126220703, 185.43024063110352, 100, 2.0, 19.0, 0.10526315789473684, 14.0, 1
.01, 1.708601951599121, 185.43009757995605, 100, 2.0, 19.0, 0.10526315789473684, 14.0, 2
.01, 1.7086033821105957, 185.43016910552979, 100, 2.0, 19.0, 0.10526315789473684, 14.0, 1
.01, 1.7086026668548584, 185.43013334274292, 100, 2.0, 19.0, 0.10526315789473684, 14.0, 1
.01, 1.7086023092269897, 185.4301154613495, 100, 2.0, 19.0, 0.10526315789473684, 14.0, 1
.01, 1.7086021304130554, 185.43010652065277, 100, 2.0, 19.0, 0.10526315789473684, 14.0, 1
.01, 1.7086020410060883, 185.4301020503044, 100, 2.0, 19.0, 0.10526315789473684, 14.0, 2
.01, 1.7086020857095718, 185.4301042854786, 100, 2.0, 19.0, 0.10526315789473684, 14.0, 3
.01, 1.25, 162.5, 100, 3.0, 18.0, 0.16666666666666666, 14.0, 2
.01, 1.625, 181.25, 100, 3.0, 18.0, 0.16666666666666666, 14.0, 1
.01, 1.4375, 171.875, 100, 3.0, 18.0, 0.16666666666666666, 14.0, 2
.01, 1.53125, 176.5625, 100, 3.0, 18.0, 0.16666666666666666, 14.0, 2
.01, 1.578125, 178.90625, 100, 3.0, 18.0, 0.16666666666666666, 14.0, 2
.01, 1.6015625, 180.078125, 100, 3.0, 18.0, 0.16666666666666666, 14.0, 2
.01, 1.61328125, 180.6640625, 100, 3.0, 18.0, 0.16666666666666666, 14.0, 2
.01, 1.619140625, 180.95703125, 100, 3.0, 18.0, 0.16666666666666666, 14.0, 1
.01, 1.6162109375, 180.810546875, 100, 3.0, 18.0, 0.16666666666666666, 14.0, 1
.01, 1.61474609375, 180.7373046875, 100, 3.0, 18.0, 0.16666666666666666, 14.0, 2
.01, 1.615478515625, 180.77392578125, 100, 3.0, 18.0, 0.16666666666666666, 14.0, 2
.01, 1.6158447265625, 180.792236328125, 100, 3.0, 18.0, 0.16666666666666666, 14.0, 2
.01, 1.61602783203125, 180.8013916015625, 100, 3.0, 18.0, 0.16666666666666666, 14.0, 2
.01, 1.616119384765625, 180.80596923828125, 100, 3.0, 18.0, 0.16666666666666666, 14.0, 1
.01, 1.6160736083984375, 180.80368041992188, 100, 3.0, 18.0, 0.16666666666666666, 14.0, 1
.01, 1.6160507202148438, 180.8025360107422, 100, 3.0, 18.0, 0.16666666666666666, 14.0, 2
.01, 1.6160621643066406, 180.80310821533203, 100, 3.0, 18.0, 0.16666666666666666, 14.0, 2
.01, 1.616067886352539, 180.80339431762695, 100, 3.0, 18.0, 0.16666666666666666, 14.0, 1
.01, 1.6160650253295898, 180.8032512664795, 100, 3.0, 18.0, 0.16666666666666666, 14.0, 1
.01, 1.6160635948181152, 180.80317974090576, 100, 3.0, 18.0, 0.16666666666666666, 14.0, 1
.01, 1.616062879562378, 180.8031439781189, 100, 3.0, 18.0, 0.16666666666666666, 14.0, 2
.01, 1.6160632371902466, 180.80316185951233, 100, 3.0, 18.0, 0.16666666666666666, 14.0, 1
.01, 1.6160630583763123, 180.8031529188156, 100, 3.0, 18.0, 0.16666666666666666, 14.0, 2
.01, 1.6160631477832794, 180.80315738916397, 100, 3.0, 18.0, 0.16666666666666666, 14.0, 2
.01, 1.616063192486763, 180.80315962433815, 100, 3.0, 18.0, 0.16666666666666666, 14.0, 3
.01, 1.25, 162.5, 100, 4.0, 17.0, 0.23529411764705882, 14.0, 2
.01, 1.625, 181.25, 100, 4.0, 17.0, 0.23529411764705882, 14.0, 1
.01, 1.4375, 171.875, 100, 4.0, 17.0, 0.23529411764705882, 14.0, 2
.01, 1.53125, 176.5625, 100, 4.0, 17.0, 0.23529411764705882, 14.0, 2
.01, 1.578125, 178.90625, 100, 4.0, 17.0, 0.23529411764705882, 14.0, 1
.01, 1.5546875, 177.734375, 100, 4.0, 17.0, 0.23529411764705882, 14.0, 1
.01, 1.54296875, 177.1484375, 100, 4.0, 17.0, 0.23529411764705882, 14.0, 2
.01, 1.548828125, 177.44140625, 100, 4.0, 17.0, 0.23529411764705882, 14.0, 1
.01, 1.5458984375, 177.294921875, 100, 4.0, 17.0, 0.23529411764705882, 14.0, 1
.01, 1.54443359375, 177.2216796875, 100, 4.0, 17.0, 0.23529411764705882, 14.0, 1
.01, 1.543701171875, 177.18505859375, 100, 4.0, 17.0, 0.23529411764705882, 14.0, 2
.01, 1.5440673828125, 177.203369140625, 100, 4.0, 17.0, 0.23529411764705882, 14.0, 2
.01, 1.54425048828125, 177.2125244140625, 100, 4.0, 17.0, 0.23529411764705882, 14.0, 2
.01, 1.544342041015625, 177.21710205078125, 100, 4.0, 17.0, 0.23529411764705882, 14.0, 1
.01, 1.5442962646484375, 177.21481323242188, 100, 4.0, 17.0, 0.23529411764705882, 14.0, 1
.01, 1.5442733764648438, 177.2136688232422, 100, 4.0, 17.0, 0.23529411764705882, 14.0, 2
.01, 1.5442848205566406, 177.21424102783203, 100, 4.0, 17.0, 0.23529411764705882, 14.0, 1
.01, 1.5442790985107422, 177.2139549255371, 100, 4.0, 17.0, 0.23529411764705882, 14.0, 1
.01, 1.544276237487793, 177.21381187438965, 100, 4.0, 17.0, 0.23529411764705882, 14.0, 2
.01, 1.5442776679992676, 177.21388339996338, 100, 4.0, 17.0, 0.23529411764705882, 14.0, 2
.01, 1.5442783832550049, 177.21391916275024, 100, 4.0, 17.0, 0.23529411764705882, 14.0, 2
.01, 1.5442787408828735, 177.21393704414368, 100, 4.0, 17.0, 0.23529411764705882, 14.0, 1
.01, 1.5442785620689392, 177.21392810344696, 100, 4.0, 17.0, 0.23529411764705882, 14.0, 2
.01, 1.5442786514759064, 177.21393257379532, 100, 4.0, 17.0, 0.23529411764705882, 14.0, 1
.01, 1.5442786067724228, 177.21393033862114, 100, 4.0, 17.0, 0.23529411764705882, 14.0, 3
.01, 1.25, 162.5, 100, 5.0, 16.0, 0.3125, 14.0, 2
.01, 1.625, 181.25, 100, 5.0, 16.0, 0.3125, 14.0, 1
.01, 1.4375, 171.875, 100, 5.0, 16.0, 0.3125, 14.0, 2
.01, 1.53125, 176.5625, 100, 5.0, 16.0, 0.3125, 14.0, 1
.01, 1.484375, 174.21875, 100, 5.0, 16.0, 0.3125, 14.0, 1
.01, 1.4609375, 173.046875, 100, 5.0, 16.0, 0.3125, 14.0, 2
.01, 1.47265625, 173.6328125, 100, 5.0, 16.0, 0.3125, 14.0, 2
.01, 1.478515625, 173.92578125, 100, 5.0, 16.0, 0.3125, 14.0, 2
.01, 1.4814453125, 174.072265625, 100, 5.0, 16.0, 0.3125, 14.0, 2
.01, 1.48291015625, 174.1455078125, 100, 5.0, 16.0, 0.3125, 14.0, 2
.01, 1.483642578125, 174.18212890625, 100, 5.0, 16.0, 0.3125, 14.0, 2
.01, 1.4840087890625, 174.200439453125, 100, 5.0, 16.0, 0.3125, 14.0, 2
.01, 1.48419189453125, 174.2095947265625, 100, 5.0, 16.0, 0.3125, 14.0, 2
.01, 1.484283447265625, 174.21417236328125, 100, 5.0, 16.0, 0.3125, 14.0, 2
.01, 1.4843292236328125, 174.21646118164062, 100, 5.0, 16.0, 0.3125, 14.0, 2
.01, 1.4843521118164062, 174.2176055908203, 100, 5.0, 16.0, 0.3125, 14.0, 1
.01, 1.4843406677246094, 174.21703338623047, 100, 5.0, 16.0, 0.3125, 14.0, 2
.01, 1.4843463897705078, 174.2173194885254, 100, 5.0, 16.0, 0.3125, 14.0, 2
.01, 1.484349250793457, 174.21746253967285, 100, 5.0, 16.0, 0.3125, 14.0, 1
.01, 1.4843478202819824, 174.21739101409912, 100, 5.0, 16.0, 0.3125, 14.0, 1
.01, 1.4843471050262451, 174.21735525131226, 100, 5.0, 16.0, 0.3125, 14.0, 2
.01, 1.4843474626541138, 174.2173731327057, 100, 5.0, 16.0, 0.3125, 14.0, 1
.01, 1.4843472838401794, 174.21736419200897, 100, 5.0, 16.0, 0.3125, 14.0, 2
.01, 1.4843473732471466, 174.21736866235733, 100, 5.0, 16.0, 0.3125, 14.0, 1
.01, 1.484347328543663, 174.21736642718315, 100, 5.0, 16.0, 0.3125, 14.0, 3
.01, 1.25, 162.5, 100, 6.0, 15.0, 0.40000000000000002, 14.0, 2
.01, 1.625, 181.25, 100, 6.0, 15.0, 0.40000000000000002, 14.0, 1
.01, 1.4375, 171.875, 100, 6.0, 15.0, 0.40000000000000002, 14.0, 1
.01, 1.34375, 167.1875, 100, 6.0, 15.0, 0.40000000000000002, 14.0, 2
.01, 1.390625, 169.53125, 100, 6.0, 15.0, 0.40000000000000002, 14.0, 2
.01, 1.4140625, 170.703125, 100, 6.0, 15.0, 0.40000000000000002, 14.0, 2
.01, 1.42578125, 171.2890625, 100, 6.0, 15.0, 0.40000000000000002, 14.0, 2
.01, 1.431640625, 171.58203125, 100, 6.0, 15.0, 0.40000000000000002, 14.0, 2
.01, 1.4345703125, 171.728515625, 100, 6.0, 15.0, 0.40000000000000002, 14.0, 1
.01, 1.43310546875, 171.6552734375, 100, 6.0, 15.0, 0.40000000000000002, 14.0, 1
.01, 1.432373046875, 171.61865234375, 100, 6.0, 15.0, 0.40000000000000002, 14.0, 1
.01, 1.4320068359375, 171.600341796875, 100, 6.0, 15.0, 0.40000000000000002, 14.0, 1
.01, 1.43182373046875, 171.5911865234375, 100, 6.0, 15.0, 0.40000000000000002, 14.0, 2
.01, 1.431915283203125, 171.59576416015625, 100, 6.0, 15.0, 0.40000000000000002, 14.0, 2
.01, 1.4319610595703125, 171.59805297851562, 100, 6.0, 15.0, 0.40000000000000002, 14.0, 2
.01, 1.4319839477539062, 171.5991973876953, 100, 6.0, 15.0, 0.40000000000000002, 14.0, 1
.01, 1.4319725036621094, 171.59862518310547, 100, 6.0, 15.0, 0.40000000000000002, 14.0, 1
.01, 1.431966781616211, 171.59833908081055, 100, 6.0, 15.0, 0.40000000000000002, 14.0, 2
.01, 1.4319696426391602, 171.598482131958, 100, 6.0, 15.0, 0.40000000000000002, 14.0, 2
.01, 1.4319710731506348, 171.59855365753174, 100, 6.0, 15.0, 0.40000000000000002, 14.0, 2
.01, 1.431971788406372, 171.5985894203186, 100, 6.0, 15.0, 0.40000000000000002, 14.0, 2
.01, 1.4319721460342407, 171.59860730171204, 100, 6.0, 15.0, 0.40000000000000002, 14.0, 2
.01, 1.431972324848175, 171.59861624240875, 100, 6.0, 15.0, 0.40000000000000002, 14.0, 2
.01, 1.4319724142551422, 171.5986207127571, 100, 6.0, 15.0, 0.40000000000000002, 14.0, 1
.01, 1.4319723695516586, 171.59861847758293, 100, 6.0, 15.0, 0.40000000000000002, 14.0, 3
.01, 1.25, 162.5, 100, 7.0, 14.0, 0.5, 14.0, 2
.01, 1.625, 181.25, 100, 7.0, 14.0, 0.5, 14.0, 1
.01, 1.4375, 171.875, 100, 7.0, 14.0, 0.5, 14.0, 1
.01, 1.34375, 167.1875, 100, 7.0, 14.0, 0.5, 14.0, 2
.01, 1.390625, 169.53125, 100, 7.0, 14.0, 0.5, 14.0, 1
.01, 1.3671875, 168.359375, 100, 7.0, 14.0, 0.5, 14.0, 2
.01, 1.37890625, 168.9453125, 100, 7.0, 14.0, 0.5, 14.0, 2
.01, 1.384765625, 169.23828125, 100, 7.0, 14.0, 0.5, 14.0, 1
.01, 1.3818359375, 169.091796875, 100, 7.0, 14.0, 0.5, 14.0, 2
.01, 1.38330078125, 169.1650390625, 100, 7.0, 14.0, 0.5, 14.0, 2
.01, 1.384033203125, 169.20166015625, 100, 7.0, 14.0, 0.5, 14.0, 2
.01, 1.3843994140625, 169.219970703125, 100, 7.0, 14.0, 0.5, 14.0, 2
.01, 1.38458251953125, 169.2291259765625, 100, 7.0, 14.0, 0.5, 14.0, 2
.01, 1.384674072265625, 169.23370361328125, 100, 7.0, 14.0, 0.5, 14.0, 2
.01, 1.3847198486328125, 169.23599243164062, 100, 7.0, 14.0, 0.5, 14.0, 1
.01, 1.3846969604492188, 169.23484802246094, 100, 7.0, 14.0, 0.5, 14.0, 2
.01, 1.3847084045410156, 169.23542022705078, 100, 7.0, 14.0, 0.5, 14.0, 2
.01, 1.384714126586914, 169.2357063293457, 100, 7.0, 14.0, 0.5, 14.0, 1
.01, 1.3847112655639648, 169.23556327819824, 100, 7.0, 14.0, 0.5, 14.0, 2
.01, 1.3847126960754395, 169.23563480377197, 100, 7.0, 14.0, 0.5, 14.0, 1
.01, 1.3847119808197021, 169.2355990409851, 100, 7.0, 14.0, 0.5, 14.0, 1
.01, 1.3847116231918335, 169.23558115959167, 100, 7.0, 14.0, 0.5, 14.0, 1
.01, 1.3847114443778992, 169.23557221889496, 100, 7.0, 14.0, 0.5, 14.0, 1
.01, 1.384711354970932, 169.2355677485466, 100, 7.0, 14.0, 0.5, 14.0, 1
.01, 1.3847113102674484, 169.23556551337242, 100, 7.0, 14.0, 0.5, 14.0, 3
.01, 1.25, 162.5, 100, 8.0, 13.0, 0.61538461538461542, 14.0, 2
.01, 1.625, 181.25, 100, 8.0, 13.0, 0.61538461538461542, 14.0, 1
.01, 1.4375, 171.875, 100, 8.0, 13.0, 0.61538461538461542, 14.0, 1
.01, 1.34375, 167.1875, 100, 8.0, 13.0, 0.61538461538461542, 14.0, 1
.01, 1.296875, 164.84375, 100, 8.0, 13.0, 0.61538461538461542, 14.0, 2
.01, 1.3203125, 166.015625, 100, 8.0, 13.0, 0.61538461538461542, 14.0, 2
.01, 1.33203125, 166.6015625, 100, 8.0, 13.0, 0.61538461538461542, 14.0, 2
.01, 1.337890625, 166.89453125, 100, 8.0, 13.0, 0.61538461538461542, 14.0, 2
.01, 1.3408203125, 167.041015625, 100, 8.0, 13.0, 0.61538461538461542, 14.0, 2
.01, 1.34228515625, 167.1142578125, 100, 8.0, 13.0, 0.61538461538461542, 14.0, 1
.01, 1.341552734375, 167.07763671875, 100, 8.0, 13.0, 0.61538461538461542, 14.0, 1
.01, 1.3411865234375, 167.059326171875, 100, 8.0, 13.0, 0.61538461538461542, 14.0, 1
.01, 1.34100341796875, 167.0501708984375, 100, 8.0, 13.0, 0.61538461538461542, 14.0, 2
.01, 1.341094970703125, 167.05474853515625, 100, 8.0, 13.0, 0.61538461538461542, 14.0, 1
.01, 1.3410491943359375, 167.05245971679688, 100, 8.0, 13.0, 0.61538461538461542, 14.0, 1
.01, 1.3410263061523438, 167.0513153076172, 100, 8.0, 13.0, 0.61538461538461542, 14.0, 1
.01, 1.3410148620605469, 167.05074310302734, 100, 8.0, 13.0, 0.61538461538461542, 14.0, 1
.01, 1.3410091400146484, 167.05045700073242, 100, 8.0, 13.0, 0.61538461538461542, 14.0, 2
.01, 1.3410120010375977, 167.05060005187988, 100, 8.0, 13.0, 0.61538461538461542, 14.0, 2
.01, 1.3410134315490723, 167.0506715774536, 100, 8.0, 13.0, 0.61538461538461542, 14.0, 2
.01, 1.3410141468048096, 167.05070734024048, 100, 8.0, 13.0, 0.61538461538461542, 14.0, 2
.01, 1.3410145044326782, 167.0507252216339, 100, 8.0, 13.0, 0.61538461538461542, 14.0, 1
.01, 1.341014325618744, 167.0507162809372, 100, 8.0, 13.0, 0.61538461538461542, 14.0, 1
.01, 1.3410142362117767, 167.05071181058884, 100, 8.0, 13.0, 0.61538461538461542, 14.0, 2
.01, 1.3410142809152603, 167.05071404576302, 100, 8.0, 13.0, 0.61538461538461542, 14.0, 3
.01, 1.25, 162.5, 100, 9.0, 12.0, 0.75, 14.0, 2
.01, 1.625, 181.25, 100, 9.0, 12.0, 0.75, 14.0, 1
.01, 1.4375, 171.875, 100, 9.0, 12.0, 0.75, 14.0, 1
.01, 1.34375, 167.1875, 100, 9.0, 12.0, 0.75, 14.0, 1
.01, 1.296875, 164.84375, 100, 9.0, 12.0, 0.75, 14.0, 2
.01, 1.3203125, 166.015625, 100, 9.0, 12.0, 0.75, 14.0, 1
.01, 1.30859375, 165.4296875, 100, 9.0, 12.0, 0.75, 14.0, 1
.01, 1.302734375, 165.13671875, 100, 9.0, 12.0, 0.75, 14.0, 1
.01, 1.2998046875, 164.990234375, 100, 9.0, 12.0, 0.75, 14.0, 2
.01, 1.30126953125, 165.0634765625, 100, 9.0, 12.0, 0.75, 14.0, 1
.01, 1.300537109375, 165.02685546875, 100, 9.0, 12.0, 0.75, 14.0, 1
.01, 1.3001708984375, 165.008544921875, 100, 9.0, 12.0, 0.75, 14.0, 1
.01, 1.29998779296875, 164.9993896484375, 100, 9.0, 12.0, 0.75, 14.0, 1
.01, 1.299896240234375, 164.99481201171875, 100, 9.0, 12.0, 0.75, 14.0, 1
.01, 1.2998504638671875, 164.99252319335938, 100, 9.0, 12.0, 0.75, 14.0, 1
.01, 1.2998275756835938, 164.9913787841797, 100, 9.0, 12.0, 0.75, 14.0, 1
.01, 1.2998161315917969, 164.99080657958984, 100, 9.0, 12.0, 0.75, 14.0, 1
.01, 1.2998104095458984, 164.99052047729492, 100, 9.0, 12.0, 0.75, 14.0, 2
.01, 1.2998132705688477, 164.99066352844238, 100, 9.0, 12.0, 0.75, 14.0, 1
.01, 1.299811840057373, 164.99059200286865, 100, 9.0, 12.0, 0.75, 14.0, 1
.01, 1.2998111248016357, 164.9905562400818, 100, 9.0, 12.0, 0.75, 14.0, 1
.01, 1.299810767173767, 164.99053835868835, 100, 9.0, 12.0, 0.75, 14.0, 1
.01, 1.2998105883598328, 164.99052941799164, 100, 9.0, 12.0, 0.75, 14.0, 1
.01, 1.2998104989528656, 164.99052494764328, 100, 9.0, 12.0, 0.75, 14.0, 1
.01, 1.299810454249382, 164.9905227124691, 100, 9.0, 12.0, 0.75, 14.0, 3
.01, 1.25, 162.5, 100, 10.0, 11.0, 0.90909090909090906, 14.0, 2
.01, 1.625, 181.25, 100, 10.0, 11.0, 0.90909090909090906, 14.0, 1
.01, 1.4375, 171.875, 100, 10.0, 11.0, 0.90909090909090906, 14.0, 1
.01, 1.34375, 167.1875, 100, 10.0, 11.0, 0.90909090909090906, 14.0, 1
.01, 1.296875, 164.84375, 100, 10.0, 11.0, 0.90909090909090906, 14.0, 1
.01, 1.2734375, 163.671875, 100, 10.0, 11.0, 0.90909090909090906, 14.0, 1
.01, 1.26171875, 163.0859375, 100, 10.0, 11.0, 0.90909090909090906, 14.0, 1
.01, 1.255859375, 162.79296875, 100, 10.0, 11.0, 0.90909090909090906, 14.0, 2
.01, 1.2587890625, 162.939453125, 100, 10.0, 11.0, 0.90909090909090906, 14.0, 2
.01, 1.26025390625, 163.0126953125, 100, 10.0, 11.0, 0.90909090909090906, 14.0, 2
.01, 1.260986328125, 163.04931640625, 100, 10.0, 11.0, 0.90909090909090906, 14.0, 1
.01, 1.2606201171875, 163.031005859375, 100, 10.0, 11.0, 0.90909090909090906, 14.0, 1
.01, 1.26043701171875, 163.0218505859375, 100, 10.0, 11.0, 0.90909090909090906, 14.0, 1
.01, 1.260345458984375, 163.01727294921875, 100, 10.0, 11.0, 0.90909090909090906, 14.0, 1
.01, 1.2602996826171875, 163.01498413085938, 100, 10.0, 11.0, 0.90909090909090906, 14.0, 2
.01, 1.2603225708007812, 163.01612854003906, 100, 10.0, 11.0, 0.90909090909090906, 14.0, 1
.01, 1.2603111267089844, 163.01555633544922, 100, 10.0, 11.0, 0.90909090909090906, 14.0, 1
.01, 1.260305404663086, 163.0152702331543, 100, 10.0, 11.0, 0.90909090909090906, 14.0, 1
.01, 1.2603025436401367, 163.01512718200684, 100, 10.0, 11.0, 0.90909090909090906, 14.0, 1
.01, 1.260301113128662, 163.0150556564331, 100, 10.0, 11.0, 0.90909090909090906, 14.0, 2
.01, 1.2603018283843994, 163.01509141921997, 100, 10.0, 11.0, 0.90909090909090906, 14.0, 1
.01, 1.2603014707565308, 163.01507353782654, 100, 10.0, 11.0, 0.90909090909090906, 14.0, 2
.01, 1.260301649570465, 163.01508247852325, 100, 10.0, 11.0, 0.90909090909090906, 14.0, 1
.01, 1.260301560163498, 163.0150780081749, 100, 10.0, 11.0, 0.90909090909090906, 14.0, 2
.01, 1.2603016048669815, 163.01508024334908, 100, 10.0, 11.0, 0.90909090909090906, 14.0, 3
.01, 1.25, 162.5, 100, 11.0, 10.0, 1.1000000000000001, 14.0, 1
.01, 0.875, 143.75, 100, 11.0, 10.0, 1.1000000000000001, 14.0, 2
.01, 1.0625, 153.125, 100, 11.0, 10.0, 1.1000000000000001, 14.0, 2
.01, 1.15625, 157.8125, 100, 11.0, 10.0, 1.1000000000000001, 14.0, 2
.01, 1.203125, 160.15625, 100, 11.0, 10.0, 1.1000000000000001, 14.0, 2
.01, 1.2265625, 161.328125, 100, 11.0, 10.0, 1.1000000000000001, 14.0, 1
.01, 1.21484375, 160.7421875, 100, 11.0, 10.0, 1.1000000000000001, 14.0, 2
.01, 1.220703125, 161.03515625, 100, 11.0, 10.0, 1.1000000000000001, 14.0, 2
.01, 1.2236328125, 161.181640625, 100, 11.0, 10.0, 1.1000000000000001, 14.0, 1
.01, 1.22216796875, 161.1083984375, 100, 11.0, 10.0, 1.1000000000000001, 14.0, 1
.01, 1.221435546875, 161.07177734375, 100, 11.0, 10.0, 1.1000000000000001, 14.0, 2
.01, 1.2218017578125, 161.090087890625, 100, 11.0, 10.0, 1.1000000000000001, 14.0, 2
.01, 1.22198486328125, 161.0992431640625, 100, 11.0, 10.0, 1.1000000000000001, 14.0, 1
.01, 1.221893310546875, 161.09466552734375, 100, 11.0, 10.0, 1.1000000000000001, 14.0, 1
.01, 1.2218475341796875, 161.09237670898438, 100, 11.0, 10.0, 1.1000000000000001, 14.0, 1
.01, 1.2218246459960938, 161.0912322998047, 100, 11.0, 10.0, 1.1000000000000001, 14.0, 2
.01, 1.2218360900878906, 161.09180450439453, 100, 11.0, 10.0, 1.1000000000000001, 14.0, 2
.01, 1.221841812133789, 161.09209060668945, 100, 11.0, 10.0, 1.1000000000000001, 14.0, 2
.01, 1.2218446731567383, 161.0922336578369, 100, 11.0, 10.0, 1.1000000000000001, 14.0, 2
.01, 1.221846103668213, 161.09230518341064, 100, 11.0, 10.0, 1.1000000000000001, 14.0, 2
.01, 1.2218468189239502, 161.0923409461975, 100, 11.0, 10.0, 1.1000000000000001, 14.0, 1
.01, 1.2218464612960815, 161.09232306480408, 100, 11.0, 10.0, 1.1000000000000001, 14.0, 2
.01, 1.2218466401100159, 161.0923320055008, 100, 11.0, 10.0, 1.1000000000000001, 14.0, 2
.01, 1.221846729516983, 161.09233647584915, 100, 11.0, 10.0, 1.1000000000000001, 14.0, 2
.01, 1.2218467742204666, 161.09233871102333, 100, 11.0, 10.0, 1.1000000000000001, 14.0, 3
.01, 1.25, 162.5, 100, 12.0, 9.0, 1.3333333333333333, 14.0, 1
.01, 0.875, 143.75, 100, 12.0, 9.0, 1.3333333333333333, 14.0, 2
.01, 1.0625, 153.125, 100, 12.0, 9.0, 1.3333333333333333, 14.0, 2
.01, 1.15625, 157.8125, 100, 12.0, 9.0, 1.3333333333333333, 14.0, 2
.01, 1.203125, 160.15625, 100, 12.0, 9.0, 1.3333333333333333, 14.0, 1
.01, 1.1796875, 158.984375, 100, 12.0, 9.0, 1.3333333333333333, 14.0, 2
.01, 1.19140625, 159.5703125, 100, 12.0, 9.0, 1.3333333333333333, 14.0, 1
.01, 1.185546875, 159.27734375, 100, 12.0, 9.0, 1.3333333333333333, 14.0, 1
.01, 1.1826171875, 159.130859375, 100, 12.0, 9.0, 1.3333333333333333, 14.0, 2
.01, 1.18408203125, 159.2041015625, 100, 12.0, 9.0, 1.3333333333333333, 14.0, 1
.01, 1.183349609375, 159.16748046875, 100, 12.0, 9.0, 1.3333333333333333, 14.0, 2
.01, 1.1837158203125, 159.185791015625, 100, 12.0, 9.0, 1.3333333333333333, 14.0, 2
.01, 1.18389892578125, 159.1949462890625, 100, 12.0, 9.0, 1.3333333333333333, 14.0, 1
.01, 1.183807373046875, 159.19036865234375, 100, 12.0, 9.0, 1.3333333333333333, 14.0, 2
.01, 1.1838531494140625, 159.19265747070312, 100, 12.0, 9.0, 1.3333333333333333, 14.0, 2
.01, 1.1838760375976562, 159.1938018798828, 100, 12.0, 9.0, 1.3333333333333333, 14.0, 2
.01, 1.1838874816894531, 159.19437408447266, 100, 12.0, 9.0, 1.3333333333333333, 14.0, 2
.01, 1.1838932037353516, 159.19466018676758, 100, 12.0, 9.0, 1.3333333333333333, 14.0, 1
.01, 1.1838903427124023, 159.19451713562012, 100, 12.0, 9.0, 1.3333333333333333, 14.0, 1
.01, 1.1838889122009277, 159.1944456100464, 100, 12.0, 9.0, 1.3333333333333333, 14.0, 2
.01, 1.183889627456665, 159.19448137283325, 100, 12.0, 9.0, 1.3333333333333333, 14.0, 2
.01, 1.1838899850845337, 159.19449925422668, 100, 12.0, 9.0, 1.3333333333333333, 14.0, 1
.01, 1.1838898062705994, 159.19449031352997, 100, 12.0, 9.0, 1.3333333333333333, 14.0, 1
.01, 1.1838897168636322, 159.1944858431816, 100, 12.0, 9.0, 1.3333333333333333, 14.0, 1
.01, 1.1838896721601486, 159.19448360800743, 100, 12.0, 9.0, 1.3333333333333333, 14.0, 3
.01, 1.25, 162.5, 100, 13.0, 8.0, 1.625, 14.0, 1
.01, 0.875, 143.75, 100, 13.0, 8.0, 1.625, 14.0, 2
.01, 1.0625, 153.125, 100, 13.0, 8.0, 1.625, 14.0, 2
.01, 1.15625, 157.8125, 100, 13.0, 8.0, 1.625, 14.0, 1
.01, 1.109375, 155.46875, 100, 13.0, 8.0, 1.625, 14.0, 2
.01, 1.1328125, 156.640625, 100, 13.0, 8.0, 1.625, 14.0, 2
.01, 1.14453125, 157.2265625, 100, 13.0, 8.0, 1.625, 14.0, 2
.01, 1.150390625, 157.51953125, 100, 13.0, 8.0, 1.625, 14.0, 1
.01, 1.1474609375, 157.373046875, 100, 13.0, 8.0, 1.625, 14.0, 1
.01, 1.14599609375, 157.2998046875, 100, 13.0, 8.0, 1.625, 14.0, 1
.01, 1.145263671875, 157.26318359375, 100, 13.0, 8.0, 1.625, 14.0, 2
.01, 1.1456298828125, 157.281494140625, 100, 13.0, 8.0, 1.625, 14.0, 2
.01, 1.14581298828125, 157.2906494140625, 100, 13.0, 8.0, 1.625, 14.0, 2
.01, 1.145904541015625, 157.29522705078125, 100, 13.0, 8.0, 1.625, 14.0, 1
.01, 1.1458587646484375, 157.29293823242188, 100, 13.0, 8.0, 1.625, 14.0, 2
.01, 1.1458816528320312, 157.29408264160156, 100, 13.0, 8.0, 1.625, 14.0, 2
.01, 1.1458930969238281, 157.2946548461914, 100, 13.0, 8.0, 1.625, 14.0, 2
.01, 1.1458988189697266, 157.29494094848633, 100, 13.0, 8.0, 1.625, 14.0, 2
.01, 1.1459016799926758, 157.2950839996338, 100, 13.0, 8.0, 1.625, 14.0, 2
.01, 1.1459031105041504, 157.29515552520752, 100, 13.0, 8.0, 1.625, 14.0, 2
.01, 1.1459038257598877, 157.29519128799438, 100, 13.0, 8.0, 1.625, 14.0, 1
.01, 1.145903468132019, 157.29517340660095, 100, 13.0, 8.0, 1.625, 14.0, 1
.01, 1.1459032893180847, 157.29516446590424, 100, 13.0, 8.0, 1.625, 14.0, 2
.01, 1.1459033787250519, 157.2951689362526, 100, 13.0, 8.0, 1.625, 14.0, 1
.01, 1.1459033340215683, 157.29516670107841, 100, 13.0, 8.0, 1.625, 14.0, 3
.01, 1.25, 162.5, 100, 14.0, 7.0, 2.0, 14.0, 1
.01, 0.875, 143.75, 100, 14.0, 7.0, 2.0, 14.0, 2
.01, 1.0625, 153.125, 100, 14.0, 7.0, 2.0, 14.0, 2
.01, 1.15625, 157.8125, 100, 14.0, 7.0, 2.0, 14.0, 1
.01, 1.109375, 155.46875, 100, 14.0, 7.0, 2.0, 14.0, 1
.01, 1.0859375, 154.296875, 100, 14.0, 7.0, 2.0, 14.0, 2
.01, 1.09765625, 154.8828125, 100, 14.0, 7.0, 2.0, 14.0, 2
.01, 1.103515625, 155.17578125, 100, 14.0, 7.0, 2.0, 14.0, 2
.01, 1.1064453125, 155.322265625, 100, 14.0, 7.0, 2.0, 14.0, 2
.01, 1.10791015625, 155.3955078125, 100, 14.0, 7.0, 2.0, 14.0, 1
.01, 1.107177734375, 155.35888671875, 100, 14.0, 7.0, 2.0, 14.0, 2
.01, 1.1075439453125, 155.377197265625, 100, 14.0, 7.0, 2.0, 14.0, 1
.01, 1.10736083984375, 155.3680419921875, 100, 14.0, 7.0, 2.0, 14.0, 1
.01, 1.107269287109375, 155.36346435546875, 100, 14.0, 7.0, 2.0, 14.0, 2
.01, 1.1073150634765625, 155.36575317382812, 100, 14.0, 7.0, 2.0, 14.0, 2
.01, 1.1073379516601562, 155.3668975830078, 100, 14.0, 7.0, 2.0, 14.0, 2
.01, 1.1073493957519531, 155.36746978759766, 100, 14.0, 7.0, 2.0, 14.0, 1
.01, 1.1073436737060547, 155.36718368530273, 100, 14.0, 7.0, 2.0, 14.0, 1
.01, 1.1073408126831055, 155.36704063415527, 100, 14.0, 7.0, 2.0, 14.0, 1
.01, 1.1073393821716309, 155.36696910858154, 100, 14.0, 7.0, 2.0, 14.0, 2
.01, 1.1073400974273682, 155.3670048713684, 100, 14.0, 7.0, 2.0, 14.0, 2
.01, 1.1073404550552368, 155.36702275276184, 100, 14.0, 7.0, 2.0, 14.0, 2
.01, 1.1073406338691711, 155.36703169345856, 100, 14.0, 7.0, 2.0, 14.0, 2
.01, 1.1073407232761383, 155.36703616380692, 100, 14.0, 7.0, 2.0, 14.0, 2
.01, 1.1073407679796219, 155.3670383989811, 100, 14.0, 7.0, 2.0, 14.0, 3
.01, 1.25, 162.5, 100, 15.0, 6.0, 2.5, 14.0, 1
.01, 0.875, 143.75, 100, 15.0, 6.0, 2.5, 14.0, 2
.01, 1.0625, 153.125, 100, 15.0, 6.0, 2.5, 14.0, 2
.01, 1.15625, 157.8125, 100, 15.0, 6.0, 2.5, 14.0, 1
.01, 1.109375, 155.46875, 100, 15.0, 6.0, 2.5, 14.0, 1
.01, 1.0859375, 154.296875, 100, 15.0, 6.0, 2.5, 14.0, 1
.01, 1.07421875, 153.7109375, 100, 15.0, 6.0, 2.5, 14.0, 1
.01, 1.068359375, 153.41796875, 100, 15.0, 6.0, 2.5, 14.0, 1
.01, 1.0654296875, 153.271484375, 100, 15.0, 6.0, 2.5, 14.0, 2
.01, 1.06689453125, 153.3447265625, 100, 15.0, 6.0, 2.5, 14.0, 2
.01, 1.067626953125, 153.38134765625, 100, 15.0, 6.0, 2.5, 14.0, 1
.01, 1.0672607421875, 153.363037109375, 100, 15.0, 6.0, 2.5, 14.0, 2
.01, 1.06744384765625, 153.3721923828125, 100, 15.0, 6.0, 2.5, 14.0, 2
.01, 1.067535400390625, 153.37677001953125, 100, 15.0, 6.0, 2.5, 14.0, 2
.01, 1.0675811767578125, 153.37905883789062, 100, 15.0, 6.0, 2.5, 14.0, 1
.01, 1.0675582885742188, 153.37791442871094, 100, 15.0, 6.0, 2.5, 14.0, 2
.01, 1.0675697326660156, 153.37848663330078, 100, 15.0, 6.0, 2.5, 14.0, 2
.01, 1.067575454711914, 153.3787727355957, 100, 15.0, 6.0, 2.5, 14.0, 1
.01, 1.0675725936889648, 153.37862968444824, 100, 15.0, 6.0, 2.5, 14.0, 2
.01, 1.0675740242004395, 153.37870121002197, 100, 15.0, 6.0, 2.5, 14.0, 2
.01, 1.0675747394561768, 153.37873697280884, 100, 15.0, 6.0, 2.5, 14.0, 2
.01, 1.0675750970840454, 153.37875485420227, 100, 15.0, 6.0, 2.5, 14.0, 1
.01, 1.067574918270111, 153.37874591350555, 100, 15.0, 6.0, 2.5, 14.0, 2
.01, 1.0675750076770782, 153.3787503838539, 100, 15.0, 6.0, 2.5, 14.0, 1
.01, 1.0675749629735947, 153.37874814867973, 100, 15.0, 6.0, 2.5, 14.0, 3
.01, 1.25, 162.5, 100, 16.0, 5.0, 3.2000000000000002, 14.0, 1
.01, 0.875, 143.75, 100, 16.0, 5.0, 3.2000000000000002, 14.0, 2
.01, 1.0625, 153.125, 100, 16.0, 5.0, 3.2000000000000002, 14.0, 1
.01, 0.96875, 148.4375, 100, 16.0, 5.0, 3.2000000000000002, 14.0, 2
.01, 1.015625, 150.78125, 100, 16.0, 5.0, 3.2000000000000002, 14.0, 2
.01, 1.0390625, 151.953125, 100, 16.0, 5.0, 3.2000000000000002, 14.0, 1
.01, 1.02734375, 151.3671875, 100, 16.0, 5.0, 3.2000000000000002, 14.0, 1
.01, 1.021484375, 151.07421875, 100, 16.0, 5.0, 3.2000000000000002, 14.0, 2
.01, 1.0244140625, 151.220703125, 100, 16.0, 5.0, 3.2000000000000002, 14.0, 2
.01, 1.02587890625, 151.2939453125, 100, 16.0, 5.0, 3.2000000000000002, 14.0, 1
.01, 1.025146484375, 151.25732421875, 100, 16.0, 5.0, 3.2000000000000002, 14.0, 2
.01, 1.0255126953125, 151.275634765625, 100, 16.0, 5.0, 3.2000000000000002, 14.0, 2
.01, 1.02569580078125, 151.2847900390625, 100, 16.0, 5.0, 3.2000000000000002, 14.0, 2
.01, 1.025787353515625, 151.28936767578125, 100, 16.0, 5.0, 3.2000000000000002, 14.0, 2
.01, 1.0258331298828125, 151.29165649414062, 100, 16.0, 5.0, 3.2000000000000002, 14.0, 1
.01, 1.0258102416992188, 151.29051208496094, 100, 16.0, 5.0, 3.2000000000000002, 14.0, 2
.01, 1.0258216857910156, 151.29108428955078, 100, 16.0, 5.0, 3.2000000000000002, 14.0, 1
.01, 1.0258159637451172, 151.29079818725586, 100, 16.0, 5.0, 3.2000000000000002, 14.0, 1
.01, 1.025813102722168, 151.2906551361084, 100, 16.0, 5.0, 3.2000000000000002, 14.0, 1
.01, 1.0258116722106934, 151.29058361053467, 100, 16.0, 5.0, 3.2000000000000002, 14.0, 1
.01, 1.025810956954956, 151.2905478477478, 100, 16.0, 5.0, 3.2000000000000002, 14.0, 1
.01, 1.0258105993270874, 151.29052996635437, 100, 16.0, 5.0, 3.2000000000000002, 14.0, 2
.01, 1.0258107781410217, 151.2905389070511, 100, 16.0, 5.0, 3.2000000000000002, 14.0, 1
.01, 1.0258106887340546, 151.29053443670273, 100, 16.0, 5.0, 3.2000000000000002, 14.0, 1
.01, 1.025810644030571, 151.29053220152855, 100, 16.0, 5.0, 3.2000000000000002, 14.0, 3
.01, 1.25, 162.5, 100, 17.0, 4.0, 4.25, 14.0, 1
.01, 0.875, 143.75, 100, 17.0, 4.0, 4.25, 14.0, 2
.01, 1.0625, 153.125, 100, 17.0, 4.0, 4.25, 14.0, 1
.01, 0.96875, 148.4375, 100, 17.0, 4.0, 4.25, 14.0, 2
.01, 1.015625, 150.78125, 100, 17.0, 4.0, 4.25, 14.0, 1
.01, 0.9921875, 149.609375, 100, 17.0, 4.0, 4.25, 14.0, 1
.01, 0.98046875, 149.0234375, 100, 17.0, 4.0, 4.25, 14.0, 2
.01, 0.986328125, 149.31640625, 100, 17.0, 4.0, 4.25, 14.0, 1
.01, 0.9833984375, 149.169921875, 100, 17.0, 4.0, 4.25, 14.0, 1
.01, 0.98193359375, 149.0966796875, 100, 17.0, 4.0, 4.25, 14.0, 1
.01, 0.981201171875, 149.06005859375, 100, 17.0, 4.0, 4.25, 14.0, 1
.01, 0.9808349609375, 149.041748046875, 100, 17.0, 4.0, 4.25, 14.0, 2
.01, 0.98101806640625, 149.0509033203125, 100, 17.0, 4.0, 4.25, 14.0, 1
.01, 0.980926513671875, 149.04632568359375, 100, 17.0, 4.0, 4.25, 14.0, 1
.01, 0.9808807373046875, 149.04403686523438, 100, 17.0, 4.0, 4.25, 14.0, 2
.01, 0.9809036254882812, 149.04518127441406, 100, 17.0, 4.0, 4.25, 14.0, 2
.01, 0.9809150695800781, 149.0457534790039, 100, 17.0, 4.0, 4.25, 14.0, 2
.01, 0.9809207916259766, 149.04603958129883, 100, 17.0, 4.0, 4.25, 14.0, 2
.01, 0.9809236526489258, 149.0461826324463, 100, 17.0, 4.0, 4.25, 14.0, 1
.01, 0.9809222221374512, 149.04611110687256, 100, 17.0, 4.0, 4.25, 14.0, 2
.01, 0.9809229373931885, 149.04614686965942, 100, 17.0, 4.0, 4.25, 14.0, 2
.01, 0.9809232950210571, 149.04616475105286, 100, 17.0, 4.0, 4.25, 14.0, 2
.01, 0.9809234738349915, 149.04617369174957, 100, 17.0, 4.0, 4.25, 14.0, 2
.01, 0.9809235632419586, 149.04617816209793, 100, 17.0, 4.0, 4.25, 14.0, 2
.01, 0.9809236079454422, 149.0461803972721, 100, 17.0, 4.0, 4.25, 14.0, 3
.01, 1.25, 162.5, 100, 18.0, 3.0, 6.0, 14.0, 1
.01, 0.875, 143.75, 100, 18.0, 3.0, 6.0, 14.0, 2
.01, 1.0625, 153.125, 100, 18.0, 3.0, 6.0, 14.0, 1
.01, 0.96875, 148.4375, 100, 18.0, 3.0, 6.0, 14.0, 1
.01, 0.921875, 146.09375, 100, 18.0, 3.0, 6.0, 14.0, 2
.01, 0.9453125, 147.265625, 100, 18.0, 3.0, 6.0, 14.0, 1
.01, 0.93359375, 146.6796875, 100, 18.0, 3.0, 6.0, 14.0, 1
.01, 0.927734375, 146.38671875, 100, 18.0, 3.0, 6.0, 14.0, 2
.01, 0.9306640625, 146.533203125, 100, 18.0, 3.0, 6.0, 14.0, 2
.01, 0.93212890625, 146.6064453125, 100, 18.0, 3.0, 6.0, 14.0, 1
.01, 0.931396484375, 146.56982421875, 100, 18.0, 3.0, 6.0, 14.0, 1
.01, 0.9310302734375, 146.551513671875, 100, 18.0, 3.0, 6.0, 14.0, 2
.01, 0.93121337890625, 146.5606689453125, 100, 18.0, 3.0, 6.0, 14.0, 1
.01, 0.931121826171875, 146.55609130859375, 100, 18.0, 3.0, 6.0, 14.0, 1
.01, 0.9310760498046875, 146.55380249023438, 100, 18.0, 3.0, 6.0, 14.0, 2
.01, 0.9310989379882812, 146.55494689941406, 100, 18.0, 3.0, 6.0, 14.0, 2
.01, 0.9311103820800781, 146.5555191040039, 100, 18.0, 3.0, 6.0, 14.0, 2
.01, 0.9311161041259766, 146.55580520629883, 100, 18.0, 3.0, 6.0, 14.0, 1
.01, 0.9311132431030273, 146.55566215515137, 100, 18.0, 3.0, 6.0, 14.0, 2
.01, 0.931114673614502, 146.5557336807251, 100, 18.0, 3.0, 6.0, 14.0, 2
.01, 0.9311153888702393, 146.55576944351196, 100, 18.0, 3.0, 6.0, 14.0, 1
.01, 0.9311150312423706, 146.55575156211853, 100, 18.0, 3.0, 6.0, 14.0, 2
.01, 0.9311152100563049, 146.55576050281525, 100, 18.0, 3.0, 6.0, 14.0, 1
.01, 0.9311151206493378, 146.5557560324669, 100, 18.0, 3.0, 6.0, 14.0, 1
.01, 0.9311150759458542, 146.5557537972927, 100, 18.0, 3.0, 6.0, 14.0, 3
.01, 1.25, 162.5, 100, 19.0, 2.0, 9.5, 14.0, 1
.01, 0.875, 143.75, 100, 19.0, 2.0, 9.5, 14.0, 1
.01, 0.6875, 134.375, 100, 19.0, 2.0, 9.5, 14.0, 2
.01, 0.78125, 139.0625, 100, 19.0, 2.0, 9.5, 14.0, 2
.01, 0.828125, 141.40625, 100, 19.0, 2.0, 9.5, 14.0, 2
.01, 0.8515625, 142.578125, 100, 19.0, 2.0, 9.5, 14.0, 2
.01, 0.86328125, 143.1640625, 100, 19.0, 2.0, 9.5, 14.0, 2
.01, 0.869140625, 143.45703125, 100, 19.0, 2.0, 9.5, 14.0, 2
.01, 0.8720703125, 143.603515625, 100, 19.0, 2.0, 9.5, 14.0, 2
.01, 0.87353515625, 143.6767578125, 100, 19.0, 2.0, 9.5, 14.0, 1
.01, 0.872802734375, 143.64013671875, 100, 19.0, 2.0, 9.5, 14.0, 2
.01, 0.8731689453125, 143.658447265625, 100, 19.0, 2.0, 9.5, 14.0, 1
.01, 0.87298583984375, 143.6492919921875, 100, 19.0, 2.0, 9.5, 14.0, 1
.01, 0.872894287109375, 143.64471435546875, 100, 19.0, 2.0, 9.5, 14.0, 2
.01, 0.8729400634765625, 143.64700317382812, 100, 19.0, 2.0, 9.5, 14.0, 2
.01, 0.8729629516601562, 143.6481475830078, 100, 19.0, 2.0, 9.5, 14.0, 2
.01, 0.8729743957519531, 143.64871978759766, 100, 19.0, 2.0, 9.5, 14.0, 2
.01, 0.8729801177978516, 143.64900588989258, 100, 19.0, 2.0, 9.5, 14.0, 2
.01, 0.8729829788208008, 143.64914894104004, 100, 19.0, 2.0, 9.5, 14.0, 1
.01, 0.8729815483093262, 143.6490774154663, 100, 19.0, 2.0, 9.5, 14.0, 1
.01, 0.8729808330535889, 143.64904165267944, 100, 19.0, 2.0, 9.5, 14.0, 1
.01, 0.8729804754257202, 143.649023771286, 100, 19.0, 2.0, 9.5, 14.0, 2
.01, 0.8729806542396545, 143.64903271198273, 100, 19.0, 2.0, 9.5, 14.0, 1
.01, 0.8729805648326874, 143.64902824163437, 100, 19.0, 2.0, 9.5, 14.0, 1
.01, 0.8729805201292038, 143.6490260064602, 100, 19.0, 2.0, 9.5, 14.0, 3
.01, 1.25, 162.5, 100, 20.0, 1.0, 20.0, 14.0, 1
.01, 0.875, 143.75, 100, 20.0, 1.0, 20.0, 14.0, 1
.01, 0.6875, 134.375, 100, 20.0, 1.0, 20.0, 14.0, 2
.01, 0.78125, 139.0625, 100, 20.0, 1.0, 20.0, 14.0, 2
.01, 0.828125, 141.40625, 100, 20.0, 1.0, 20.0, 14.0, 1
.01, 0.8046875, 140.234375, 100, 20.0, 1.0, 20.0, 14.0, 1
.01, 0.79296875, 139.6484375, 100, 20.0, 1.0, 20.0, 14.0, 2
.01, 0.798828125, 139.94140625, 100, 20.0, 1.0, 20.0, 14.0, 1
.01, 0.7958984375, 139.794921875, 100, 20.0, 1.0, 20.0, 14.0, 2
.01, 0.79736328125, 139.8681640625, 100, 20.0, 1.0, 20.0, 14.0, 2
.01, 0.798095703125, 139.90478515625, 100, 20.0, 1.0, 20.0, 14.0, 1
.01, 0.7977294921875, 139.886474609375, 100, 20.0, 1.0, 20.0, 14.0, 2
.01, 0.79791259765625, 139.8956298828125, 100, 20.0, 1.0, 20.0, 14.0, 2
.01, 0.798004150390625, 139.90020751953125, 100, 20.0, 1.0, 20.0, 14.0, 1
.01, 0.7979583740234375, 139.89791870117188, 100, 20.0, 1.0, 20.0, 14.0, 1
.01, 0.7979354858398438, 139.8967742919922, 100, 20.0, 1.0, 20.0, 14.0, 1
.01, 0.7979240417480469, 139.89620208740234, 100, 20.0, 1.0, 20.0, 14.0, 1
.01, 0.7979183197021484, 139.89591598510742, 100, 20.0, 1.0, 20.0, 14.0, 2
.01, 0.7979211807250977, 139.89605903625488, 100, 20.0, 1.0, 20.0, 14.0, 1
.01, 0.797919750213623, 139.89598751068115, 100, 20.0, 1.0, 20.0, 14.0, 2
.01, 0.7979204654693604, 139.89602327346802, 100, 20.0, 1.0, 20.0, 14.0, 1
.01, 0.7979201078414917, 139.89600539207458, 100, 20.0, 1.0, 20.0, 14.0, 2
.01, 0.797920286655426, 139.8960143327713, 100, 20.0, 1.0, 20.0, 14.0, 2
.01, 0.7979203760623932, 139.89601880311966, 100, 20.0, 1.0, 20.0, 14.0, 1
.01, 0.7979203313589096, 139.89601656794548, 100, 20.0, 1.0, 20.0, 14.0, 3
