[  1.69488063e-07   2.99765120e-07   5.25474200e-07   9.13188544e-07
   1.57371765e-06   2.69015359e-06   4.56294955e-06   7.68200213e-06
   1.28413869e-05   2.13212443e-05   3.51750757e-05   5.76820557e-05
   9.40569584e-05   1.52560975e-04   2.46233835e-04   3.95583207e-04
   6.32735958e-04   1.00779056e-03   1.59840819e-03   2.52398706e-03
   3.96588857e-03   6.19463700e-03   9.60280521e-03   1.47369871e-02
   2.23133443e-02   3.31937722e-02   4.83117027e-02   6.85968999e-02
   9.50705652e-02   1.29465250e-01   1.76186434e-01   2.48471445e-01
   3.90417276e-01   7.14461730e-01   9.52198701e-01   9.94259432e-01
   9.99327466e-01   9.99920173e-01   9.99990465e-01   9.99998860e-01
   9.99999863e-01   9.99999984e-01   9.99999998e-01   1.00000000e+00
   1.00000000e+00   1.00000000e+00   1.00000000e+00   1.00000000e+00
   1.00000000e+00   1.00000000e+00   1.00000000e+00   1.00000000e+00
   1.00000000e+00   1.00000000e+00   9.99999998e-01   9.99999984e-01
   9.99999863e-01   9.99998860e-01   9.99990465e-01   9.99920173e-01
   9.99327466e-01   9.94259432e-01   9.52198701e-01   7.14461730e-01
   3.90417276e-01   2.48471445e-01   1.76186434e-01   1.29465250e-01
   9.50705652e-02   6.85968999e-02   4.83117027e-02   3.31937722e-02
   2.23133443e-02   1.47369871e-02   9.60280521e-03   6.19463700e-03
   3.96588857e-03   2.52398706e-03   1.59840819e-03   1.00779056e-03
   6.32735958e-04   3.95583207e-04   2.46233835e-04   1.52560975e-04
   9.40569584e-05   5.76820557e-05   3.51750757e-05   2.13212443e-05
   1.28413869e-05   7.68200213e-06   4.56294955e-06   2.69015359e-06
   1.57371765e-06   9.13188544e-07   5.25474200e-07   2.99765120e-07]
[  2.47830763e-06   3.80706826e-06   5.83973926e-06   8.94512217e-06
   1.36832555e-05   2.09035821e-05   3.18929753e-05   4.85986203e-05
   7.39630255e-05   1.12426509e-04   1.70678801e-04   2.58779045e-04
   3.91815881e-04   5.92348894e-04   8.93957320e-04   1.34630627e-03
   2.02217864e-03   3.02680397e-03   4.50933054e-03   6.67511034e-03
   9.79533632e-03   1.42079673e-02   2.03034387e-02   2.84964657e-02
   3.92087673e-02   5.29292618e-02   7.04812673e-02   9.37766533e-02
   1.27933543e-01   1.88453090e-01   3.32755601e-01   7.45427825e-01
   9.65509906e-01   9.96501786e-01   9.99658063e-01   9.99966529e-01
   9.99996670e-01   9.99999660e-01   9.99999964e-01   9.99999996e-01
   1.00000000e+00   1.00000000e+00   1.00000000e+00   1.00000000e+00
   1.00000000e+00   1.00000000e+00   1.00000000e+00   1.00000000e+00
   1.00000000e+00   1.00000000e+00   1.00000000e+00   1.00000000e+00
   1.00000000e+00   1.00000000e+00   1.00000000e+00   1.00000000e+00
   1.00000000e+00   9.99999996e-01   9.99999964e-01   9.99999660e-01
   9.99996670e-01   9.99966529e-01   9.99658063e-01   9.96501786e-01
   9.65509906e-01   7.45427825e-01   3.32755601e-01   1.88453090e-01
   1.27933543e-01   9.37766533e-02   7.04812673e-02   5.29292618e-02
   3.92087673e-02   2.84964657e-02   2.03034387e-02   1.42079673e-02
   9.79533632e-03   6.67511034e-03   4.50933054e-03   3.02680397e-03
   2.02217864e-03   1.34630627e-03   8.93957320e-04   5.92348894e-04
   3.91815881e-04   2.58779045e-04   1.70678801e-04   1.12426509e-04
   7.39630255e-05   4.85986203e-05   3.18929753e-05   2.09035821e-05
   1.36832555e-05   8.94512217e-06   5.83973926e-06   3.80706826e-06]
[  4.52885466e-06   6.69975217e-06   9.90265203e-06   1.46243059e-05
   2.15793382e-05   3.18161268e-05   4.68714343e-05   6.89958821e-05
   1.01482008e-04   1.49140071e-04   2.18984900e-04   3.21220415e-04
   4.70635720e-04   6.88552472e-04   1.00547287e-03   1.46453890e-03
   2.12576765e-03   3.07068996e-03   4.40642943e-03   6.26754509e-03
   8.81379836e-03   1.22240053e-02   1.66926597e-02   2.24487736e-02
   2.98359316e-02   3.95270724e-02   5.30486709e-02   7.41869727e-02
   1.13701746e-01   2.11010604e-01   5.64432441e-01   9.33372584e-01
   9.94054207e-01   9.99500854e-01   9.99958030e-01   9.99996436e-01
   9.99999693e-01   9.99999973e-01   9.99999998e-01   1.00000000e+00
   1.00000000e+00   1.00000000e+00   1.00000000e+00   1.00000000e+00
   1.00000000e+00   1.00000000e+00   1.00000000e+00   1.00000000e+00
   1.00000000e+00   1.00000000e+00   1.00000000e+00   1.00000000e+00
   1.00000000e+00   1.00000000e+00   1.00000000e+00   1.00000000e+00
   1.00000000e+00   1.00000000e+00   9.99999998e-01   9.99999973e-01
   9.99999693e-01   9.99996436e-01   9.99958030e-01   9.99500854e-01
   9.94054207e-01   9.33372584e-01   5.64432441e-01   2.11010604e-01
   1.13701746e-01   7.41869727e-02   5.30486709e-02   3.95270724e-02
   2.98359316e-02   2.24487736e-02   1.66926597e-02   1.22240053e-02
   8.81379836e-03   6.26754509e-03   4.40642943e-03   3.07068996e-03
   2.12576765e-03   1.46453890e-03   1.00547287e-03   6.88552472e-04
   4.70635720e-04   3.21220415e-04   2.18984900e-04   1.49140071e-04
   1.01482008e-04   6.89958821e-05   4.68714343e-05   3.18161268e-05
   2.15793382e-05   1.46243059e-05   9.90265203e-06   6.69975217e-06]
[  3.82990738e-06   5.56145052e-06   8.07447551e-06   1.17212991e-05
   1.70129272e-05   2.46903848e-05   3.58279003e-05   5.19818895e-05
   7.54054310e-05   1.09355622e-04   1.58530963e-04   2.29687192e-04
   3.32490417e-04   4.80670195e-04   6.93520097e-04   9.97738495e-04
   1.42948103e-03   2.03629764e-03   2.87842043e-03   4.02892669e-03
   5.57322105e-03   7.61088874e-03   1.02677943e-02   1.37332848e-02
   1.83484267e-02   2.48000632e-02   3.45762394e-02   5.12270390e-02
   8.47715642e-02   1.73022148e-01   5.32493802e-01   9.30935247e-01
   9.94276683e-01   9.99551234e-01   9.99964547e-01   9.99997164e-01
   9.99999770e-01   9.99999981e-01   9.99999998e-01   1.00000000e+00
   1.00000000e+00   1.00000000e+00   1.00000000e+00   1.00000000e+00
   1.00000000e+00   1.00000000e+00   1.00000000e+00   1.00000000e+00
   1.00000000e+00   1.00000000e+00   1.00000000e+00   1.00000000e+00
   1.00000000e+00   1.00000000e+00   1.00000000e+00   1.00000000e+00
   1.00000000e+00   1.00000000e+00   9.99999998e-01   9.99999981e-01
   9.99999770e-01   9.99997164e-01   9.99964547e-01   9.99551234e-01
   9.94276683e-01   9.30935247e-01   5.32493802e-01   1.73022148e-01
   8.47715642e-02   5.12270390e-02   3.45762394e-02   2.48000632e-02
   1.83484267e-02   1.37332848e-02   1.02677943e-02   7.61088874e-03
   5.57322105e-03   4.02892669e-03   2.87842043e-03   2.03629764e-03
   1.42948103e-03   9.97738495e-04   6.93520097e-04   4.80670195e-04
   3.32490417e-04   2.29687192e-04   1.58530963e-04   1.09355622e-04
   7.54054310e-05   5.19818895e-05   3.58279003e-05   2.46903848e-05
   1.70129272e-05   1.17212991e-05   8.07447551e-06   5.56145052e-06]
[  2.47358341e-06   3.57279768e-06   5.16089742e-06   7.45550432e-06
   1.07711277e-05   1.55622003e-05   2.24850475e-05   3.24868791e-05
   4.69330469e-05   6.77878650e-05   9.78690719e-05   1.41200805e-04
   2.03492831e-04   2.92770764e-04   4.20166428e-04   6.00840995e-04
   8.54953588e-04   1.20852812e-03   1.69409970e-03   2.35133009e-03
   3.22863287e-03   4.38841514e-03   5.92076147e-03   7.97351284e-03
   1.08133756e-02   1.49525315e-02   2.14379149e-02   3.26145820e-02
   5.45489600e-02   1.06961193e-01   2.80633556e-01   8.00203431e-01
   9.81763812e-01   9.98637596e-01   9.99898392e-01   9.99992301e-01
   9.99999406e-01   9.99999953e-01   9.99999996e-01   1.00000000e+00
   1.00000000e+00   1.00000000e+00   1.00000000e+00   1.00000000e+00
   1.00000000e+00   1.00000000e+00   1.00000000e+00   1.00000000e+00
   1.00000000e+00   1.00000000e+00   1.00000000e+00   1.00000000e+00
   1.00000000e+00   1.00000000e+00   1.00000000e+00   1.00000000e+00
   1.00000000e+00   1.00000000e+00   9.99999996e-01   9.99999953e-01
   9.99999406e-01   9.99992301e-01   9.99898392e-01   9.98637596e-01
   9.81763812e-01   8.00203431e-01   2.80633556e-01   1.06961193e-01
   5.45489600e-02   3.26145820e-02   2.14379149e-02   1.49525315e-02
   1.08133756e-02   7.97351284e-03   5.92076147e-03   4.38841514e-03
   3.22863287e-03   2.35133009e-03   1.69409970e-03   1.20852812e-03
   8.54953588e-04   6.00840995e-04   4.20166428e-04   2.92770764e-04
   2.03492831e-04   1.41200805e-04   9.78690719e-05   6.77878650e-05
   4.69330469e-05   3.24868791e-05   2.24850475e-05   1.55622003e-05
   1.07711277e-05   7.45550432e-06   5.16089742e-06   3.57279768e-06]
[  1.47515390e-06   2.12673083e-06   3.06661227e-06   4.42256645e-06
   6.37901203e-06   9.20205937e-06   1.32754789e-05   1.91521784e-05
   2.76274723e-05   3.98425217e-05   5.74286151e-05   8.27049157e-05
   1.18942718e-04   1.70706120e-04   2.44269749e-04   3.48097882e-04
   4.93352593e-04   6.94407021e-04   9.69430037e-04   1.34136336e-03
   1.84009880e-03   2.50738357e-03   3.40696070e-03   4.64415510e-03
   6.40326260e-03   9.02226783e-03   1.31553833e-02   2.01679942e-02
   3.32457902e-02   6.12290425e-02   1.36866055e-01   4.52516020e-01
   9.11494877e-01   9.93038748e-01   9.99491003e-01   9.99962405e-01
   9.99997176e-01   9.99999784e-01   9.99999983e-01   9.99999999e-01
   1.00000000e+00   1.00000000e+00   1.00000000e+00   1.00000000e+00
   1.00000000e+00   1.00000000e+00   1.00000000e+00   1.00000000e+00
   1.00000000e+00   1.00000000e+00   1.00000000e+00   1.00000000e+00
   1.00000000e+00   1.00000000e+00   1.00000000e+00   1.00000000e+00
   1.00000000e+00   9.99999999e-01   9.99999983e-01   9.99999784e-01
   9.99997176e-01   9.99962405e-01   9.99491003e-01   9.93038748e-01
   9.11494877e-01   4.52516020e-01   1.36866055e-01   6.12290425e-02
   3.32457902e-02   2.01679942e-02   1.31553833e-02   9.02226783e-03
   6.40326260e-03   4.64415510e-03   3.40696070e-03   2.50738357e-03
   1.84009880e-03   1.34136336e-03   9.69430037e-04   6.94407021e-04
   4.93352593e-04   3.48097882e-04   2.44269749e-04   1.70706120e-04
   1.18942718e-04   8.27049157e-05   5.74286151e-05   3.98425217e-05
   2.76274723e-05   1.91521784e-05   1.32754789e-05   9.20205937e-06
   6.37901203e-06   4.42256645e-06   3.06661227e-06   2.12673083e-06]
[  8.54200315e-07   1.22963060e-06   1.77019219e-06   2.54853733e-06
   3.66924149e-06   5.28274818e-06   7.60529395e-06   1.09472453e-05
   1.57531230e-05   2.26575730e-05   3.25625312e-05   4.67415068e-05
   6.69767219e-05   9.57330888e-05   1.36369394e-04   1.93383295e-04
   2.72689559e-04   3.81955725e-04   5.31090248e-04   7.33119550e-04
   1.00591339e-03   1.37553001e-03   1.88243611e-03   2.59283587e-03
   3.61965214e-03   5.16333582e-03   7.59695728e-03   1.16594278e-02
   1.89439080e-02   3.33245647e-02   6.61031122e-02   1.61723824e-01
   5.76788488e-01   9.47545719e-01   9.96071436e-01   9.99715657e-01
   9.99979120e-01   9.99998438e-01   9.99999881e-01   9.99999991e-01
   9.99999999e-01   1.00000000e+00   1.00000000e+00   1.00000000e+00
   1.00000000e+00   1.00000000e+00   1.00000000e+00   1.00000000e+00
   1.00000000e+00   1.00000000e+00   1.00000000e+00   1.00000000e+00
   1.00000000e+00   1.00000000e+00   1.00000000e+00   1.00000000e+00
   9.99999999e-01   9.99999991e-01   9.99999881e-01   9.99998438e-01
   9.99979120e-01   9.99715657e-01   9.96071436e-01   9.47545719e-01
   5.76788488e-01   1.61723824e-01   6.61031122e-02   3.33245647e-02
   1.89439080e-02   1.16594278e-02   7.59695728e-03   5.16333582e-03
   3.61965214e-03   2.59283587e-03   1.88243611e-03   1.37553001e-03
   1.00591339e-03   7.33119550e-04   5.31090248e-04   3.81955725e-04
   2.72689559e-04   1.93383295e-04   1.36369394e-04   9.57330888e-05
   6.69767219e-05   4.67415068e-05   3.25625312e-05   2.26575730e-05
   1.57531230e-05   1.09472453e-05   7.60529395e-06   5.28274818e-06
   3.66924149e-06   2.54853733e-06   1.77019219e-06   1.22963060e-06]
[  4.71648832e-07   6.77800130e-07   9.74126804e-07   1.40006623e-06
   2.01225668e-06   2.89197137e-06   4.15568406e-06   5.96999760e-06
   8.57256123e-06   1.23010394e-05   1.76325980e-05   2.52366033e-05
   3.60431018e-05   5.13290759e-05   7.28238592e-05   1.02836106e-04
   1.44411323e-04   2.01547895e-04   2.79538945e-04   3.85573609e-04
   5.29829027e-04   7.27429969e-04   1.00190850e-03   1.39132429e-03
   1.95936787e-03   2.81638223e-03   4.16136727e-03   6.37152095e-03
   1.02092584e-02   1.73554913e-02   3.20063322e-02   6.68166447e-02
   1.73474972e-01   6.27448137e-01   9.58175654e-01   9.96930669e-01
   9.99779625e-01   9.99983903e-01   9.99998799e-01   9.99999908e-01
   9.99999993e-01   9.99999999e-01   1.00000000e+00   1.00000000e+00
   1.00000000e+00   1.00000000e+00   1.00000000e+00   1.00000000e+00
   1.00000000e+00   1.00000000e+00   1.00000000e+00   1.00000000e+00
   1.00000000e+00   1.00000000e+00   1.00000000e+00   9.99999999e-01
   9.99999993e-01   9.99999908e-01   9.99998799e-01   9.99983903e-01
   9.99779625e-01   9.96930669e-01   9.58175654e-01   6.27448137e-01
   1.73474972e-01   6.68166447e-02   3.20063322e-02   1.73554913e-02
   1.02092584e-02   6.37152095e-03   4.16136727e-03   2.81638223e-03
   1.95936787e-03   1.39132429e-03   1.00190850e-03   7.27429969e-04
   5.29829027e-04   3.85573609e-04   2.79538945e-04   2.01547895e-04
   1.44411323e-04   1.02836106e-04   7.28238592e-05   5.13290759e-05
   3.60431018e-05   2.52366033e-05   1.76325980e-05   1.23010394e-05
   8.57256123e-06   5.96999760e-06   4.15568406e-06   2.89197137e-06
   2.01225668e-06   1.40006623e-06   9.74126804e-07   6.77800130e-07]
[  2.47596202e-07   3.55021191e-07   5.09085834e-07   7.30028113e-07
   1.04683410e-06   1.50097405e-06   2.15168310e-06   3.08337378e-06
   4.41594206e-06   6.31891570e-06   9.03056024e-06   1.28831623e-05
   1.83357269e-05   2.60153438e-05   3.67688839e-05   5.17284522e-05
   7.23989070e-05   1.00786232e-04   1.39604172e-04   1.92625628e-04
   2.65288950e-04   3.65739677e-04   5.06618119e-04   7.08164077e-04
   1.00375204e-03   1.45012288e-03   2.14712843e-03   3.27778954e-03
   5.19463497e-03   8.62077563e-03   1.51699389e-02   2.89062236e-02
   6.21527349e-02   1.65348101e-01   6.11934488e-01   9.55729137e-01
   9.96766509e-01   9.99769069e-01   9.99983188e-01   9.99998747e-01
   9.99999904e-01   9.99999992e-01   9.99999999e-01   1.00000000e+00
   1.00000000e+00   1.00000000e+00   1.00000000e+00   1.00000000e+00
   1.00000000e+00   1.00000000e+00   1.00000000e+00   1.00000000e+00
   1.00000000e+00   1.00000000e+00   9.99999999e-01   9.99999992e-01
   9.99999904e-01   9.99998747e-01   9.99983188e-01   9.99769069e-01
   9.96766509e-01   9.55729137e-01   6.11934488e-01   1.65348101e-01
   6.21527349e-02   2.89062236e-02   1.51699389e-02   8.62077563e-03
   5.19463497e-03   3.27778954e-03   2.14712843e-03   1.45012288e-03
   1.00375204e-03   7.08164077e-04   5.06618119e-04   3.65739677e-04
   2.65288950e-04   1.92625628e-04   1.39604172e-04   1.00786232e-04
   7.23989070e-05   5.17284522e-05   3.67688839e-05   2.60153438e-05
   1.83357269e-05   1.28831623e-05   9.03056024e-06   6.31891570e-06
   4.41594206e-06   3.08337378e-06   2.15168310e-06   1.50097405e-06
   1.04683410e-06   7.30028113e-07   5.09085834e-07   3.55021191e-07]
[  1.22688078e-07   1.75463880e-07   2.50946964e-07   3.58894371e-07
   5.13232954e-07   7.33814165e-07   1.04887894e-06   1.49849327e-06
   2.13928824e-06   3.05091558e-06   4.34470294e-06   6.17505684e-06
   8.75423422e-06   1.23712717e-05   1.74163461e-05   2.44130724e-05
   3.40638977e-05   4.73186447e-05   6.54843039e-05   9.04065395e-05
   1.24772707e-04   1.72618980e-04   2.40184912e-04   3.37376842e-04
   4.80336721e-04   6.96092588e-04   1.03128053e-03   1.56917204e-03
   2.46450590e-03   4.01890542e-03   6.85644380e-03   1.23742127e-02
   2.40693451e-02   5.23281565e-02   1.38125550e-01   5.23780381e-01
   9.36936337e-01   9.95338992e-01   9.99668760e-01   9.99975975e-01
   9.99998209e-01   9.99999862e-01   9.99999989e-01   9.99999999e-01
   1.00000000e+00   1.00000000e+00   1.00000000e+00   1.00000000e+00
   1.00000000e+00   1.00000000e+00   1.00000000e+00   1.00000000e+00
   1.00000000e+00   9.99999999e-01   9.99999989e-01   9.99999862e-01
   9.99998209e-01   9.99975975e-01   9.99668760e-01   9.95338992e-01
   9.36936337e-01   5.23780381e-01   1.38125550e-01   5.23281565e-02
   2.40693451e-02   1.23742127e-02   6.85644380e-03   4.01890542e-03
   2.46450590e-03   1.56917204e-03   1.03128053e-03   6.96092588e-04
   4.80336721e-04   3.37376842e-04   2.40184912e-04   1.72618980e-04
   1.24772707e-04   9.04065395e-05   6.54843039e-05   4.73186447e-05
   3.40638977e-05   2.44130724e-05   1.74163461e-05   1.23712717e-05
   8.75423422e-06   6.17505684e-06   4.34470294e-06   3.05091558e-06
   2.13928824e-06   1.49849327e-06   1.04887894e-06   7.33814165e-07
   5.13232954e-07   3.58894371e-07   2.50946964e-07   1.75463880e-07]
[  5.68098313e-08   8.09984137e-08   1.15481247e-07   1.64628701e-07
   2.34652955e-07   3.34369653e-07   4.76260521e-07   6.77943782e-07
   9.64187995e-07   1.36963631e-06   1.94244152e-06   2.74905160e-06
   3.88044892e-06   5.46028114e-06   7.65562557e-06   1.06917644e-05
   1.48735438e-05   2.06179223e-05   2.85055346e-05   3.93640998e-05
   5.44045826e-05   7.54449812e-05   1.05282161e-04   1.48320386e-04
   2.11658192e-04   3.07018749e-04   4.54282326e-04   6.88168731e-04
   1.07136255e-03   1.72144452e-03   2.86913843e-03   4.99290413e-03
   9.15835758e-03   1.79853251e-02   3.89538326e-02   9.95994850e-02
   3.58645814e-01   8.76817975e-01   9.90399005e-01   9.99322721e-01
   9.99951241e-01   9.99996369e-01   9.99999718e-01   9.99999977e-01
   9.99999998e-01   1.00000000e+00   1.00000000e+00   1.00000000e+00
   1.00000000e+00   1.00000000e+00   1.00000000e+00   1.00000000e+00
   9.99999998e-01   9.99999977e-01   9.99999718e-01   9.99996369e-01
   9.99951241e-01   9.99322721e-01   9.90399005e-01   8.76817975e-01
   3.58645814e-01   9.95994850e-02   3.89538326e-02   1.79853251e-02
   9.15835758e-03   4.99290413e-03   2.86913843e-03   1.72144452e-03
   1.07136255e-03   6.88168731e-04   4.54282326e-04   3.07018749e-04
   2.11658192e-04   1.48320386e-04   1.05282161e-04   7.54449812e-05
   5.44045826e-05   3.93640998e-05   2.85055346e-05   2.06179223e-05
   1.48735438e-05   1.06917644e-05   7.65562557e-06   5.46028114e-06
   3.88044892e-06   2.74905160e-06   1.94244152e-06   1.36963631e-06
   9.64187995e-07   6.77943782e-07   4.76260521e-07   3.34369653e-07
   2.34652955e-07   1.64628701e-07   1.15481247e-07   8.09984137e-08]
[  2.42378628e-08   3.44267414e-08   4.88931306e-08   6.94262732e-08
   9.85568982e-08   1.39857725e-07   1.98359698e-07   2.81123701e-07
   3.98018034e-07   5.62763922e-07   7.94325788e-07   1.11874332e-06
   1.57153798e-06   2.20089728e-06   3.07198126e-06   4.27296094e-06
   5.92385903e-06   8.19001094e-06   1.13031329e-05   1.55948231e-05
   2.15503410e-05   2.98957360e-05   4.17408002e-05   5.88176527e-05
   8.38873389e-05   1.21449423e-04   1.79013122e-04   2.69440396e-04
   4.15403704e-04   6.58174423e-04   1.07567405e-03   1.82139350e-03
   3.21344460e-03   5.95446121e-03   1.17339552e-02   2.51489561e-02
   6.14695156e-02   1.91439883e-01   7.02085700e-01   9.71096616e-01
   9.97935925e-01   9.99851589e-01   9.99988916e-01   9.99999131e-01
   9.99999927e-01   9.99999993e-01   9.99999999e-01   1.00000000e+00
   1.00000000e+00   1.00000000e+00   9.99999999e-01   9.99999993e-01
   9.99999927e-01   9.99999131e-01   9.99988916e-01   9.99851589e-01
   9.97935925e-01   9.71096616e-01   7.02085700e-01   1.91439883e-01
   6.14695156e-02   2.51489561e-02   1.17339552e-02   5.95446121e-03
   3.21344460e-03   1.82139350e-03   1.07567405e-03   6.58174423e-04
   4.15403704e-04   2.69440396e-04   1.79013122e-04   1.21449423e-04
   8.38873389e-05   5.88176527e-05   4.17408002e-05   2.98957360e-05
   2.15503410e-05   1.55948231e-05   1.13031329e-05   8.19001094e-06
   5.92385903e-06   4.27296094e-06   3.07198126e-06   2.20089728e-06
   1.57153798e-06   1.11874332e-06   7.94325788e-07   5.62763922e-07
   3.98018034e-07   2.81123701e-07   1.98359698e-07   1.39857725e-07
   9.85568982e-08   6.94262732e-08   4.88931306e-08   3.44267414e-08]
[  9.33320675e-09   1.31925720e-08   1.86442059e-08   2.63416814e-08
   3.72036699e-08   5.25186140e-08   7.40883826e-08   1.04423755e-07
   1.47007899e-07   2.06648038e-07   2.89940835e-07   4.05885428e-07
   5.66693050e-07   7.88870624e-07   1.09470832e-06   1.51439321e-06
   2.08912303e-06   2.87583378e-06   3.95452741e-06   5.43977728e-06
   7.49896628e-06   1.03814935e-05   1.44661625e-05   2.03393393e-05
   2.89263501e-05   4.17171250e-05   6.11627149e-05   9.13896262e-05
   1.39522026e-04   2.18203137e-04   3.50566255e-04   5.80413189e-04
   9.93991268e-04   1.76909445e-03   3.29320244e-03   6.47277689e-03
   1.36431789e-02   3.17498358e-02   8.70382875e-02   3.31224622e-01
   8.63682823e-01   9.89248371e-01   9.99232170e-01   9.99942905e-01
   9.99995472e-01   9.99999609e-01   9.99999962e-01   9.99999995e-01
   9.99999999e-01   9.99999995e-01   9.99999962e-01   9.99999609e-01
   9.99995472e-01   9.99942905e-01   9.99232170e-01   9.89248371e-01
   8.63682823e-01   3.31224622e-01   8.70382875e-02   3.17498358e-02
   1.36431789e-02   6.47277689e-03   3.29320244e-03   1.76909445e-03
   9.93991268e-04   5.80413189e-04   3.50566255e-04   2.18203137e-04
   1.39522026e-04   9.13896262e-05   6.11627149e-05   4.17171250e-05
   2.89263501e-05   2.03393393e-05   1.44661625e-05   1.03814935e-05
   7.49896628e-06   5.43977728e-06   3.95452741e-06   2.87583378e-06
   2.08912303e-06   1.51439321e-06   1.09470832e-06   7.88870624e-07
   5.66693050e-07   4.05885428e-07   2.89940835e-07   2.06648038e-07
   1.47007899e-07   1.04423755e-07   7.40883826e-08   5.25186140e-08
   3.72036699e-08   2.63416814e-08   1.86442059e-08   1.31925720e-08]
[  3.14097308e-09   4.41055722e-09   6.19123787e-09   8.68719202e-09
   1.21828873e-08   1.70736403e-08   2.39070613e-08   3.34387991e-08
   4.67068768e-08   6.51300392e-08   9.06371766e-08   1.25837604e-07
   1.74246818e-07   2.40591063e-07   3.31229250e-07   4.54755952e-07
   6.22889144e-07   8.51808021e-07   1.16420153e-06   1.59243961e-06
   2.18352817e-06   3.00693246e-06   4.16708921e-06   5.82372997e-06
   8.22547702e-06   1.17664589e-05   1.70837109e-05   2.52284923e-05
   3.79748831e-05   5.83902085e-05   9.19196921e-05   1.48514459e-04
   2.46955541e-04   4.23997992e-04   7.54626310e-04   1.39947286e-03
   2.72365363e-03   5.62195102e-03   1.25226398e-02   3.10885707e-02
   9.22670629e-02   3.81801992e-01   8.91267433e-01   9.91545036e-01
   9.99372886e-01   9.99949688e-01   9.99995424e-01   9.99999482e-01
   9.99999851e-01   9.99999482e-01   9.99995424e-01   9.99949688e-01
   9.99372886e-01   9.91545036e-01   8.91267433e-01   3.81801992e-01
   9.22670629e-02   3.10885707e-02   1.25226398e-02   5.62195102e-03
   2.72365363e-03   1.39947286e-03   7.54626310e-04   4.23997992e-04
   2.46955541e-04   1.48514459e-04   9.19196921e-05   5.83902085e-05
   3.79748831e-05   2.52284923e-05   1.70837109e-05   1.17664589e-05
   8.22547702e-06   5.82372997e-06   4.16708921e-06   3.00693246e-06
   2.18352817e-06   1.59243961e-06   1.16420153e-06   8.51808021e-07
   6.22889144e-07   4.54755952e-07   3.31229250e-07   2.40591063e-07
   1.74246818e-07   1.25837604e-07   9.06371766e-08   6.51300392e-08
   4.67068768e-08   3.34387991e-08   2.39070613e-08   1.70736403e-08
   1.21828873e-08   8.68719202e-09   6.19123787e-09   4.41055722e-09]
[  8.74538684e-10   1.21605947e-09   1.68999766e-09   2.34708855e-09
   3.25708554e-09   4.51559489e-09   6.25317710e-09   8.64736519e-09
   1.19384090e-08   1.64497731e-08   2.26147602e-08   3.10112304e-08
   4.24074443e-08   5.78239005e-08   7.86190998e-08   1.06612007e-07
   1.44261360e-07   1.94933094e-07   2.63304036e-07   3.55976647e-07
   4.82422766e-07   6.56446465e-07   8.98478773e-07   1.23922845e-06
   1.72558289e-06   2.43031097e-06   3.46831188e-06   5.02435981e-06
   7.40146826e-06   1.11070903e-05   1.70104806e-05   2.66375555e-05
   4.27394354e-05   7.04240486e-05   1.19490088e-04   2.09439969e-04
   3.80763965e-04   7.21788142e-04   1.43699060e-03   3.03609944e-03
   6.91854359e-03   1.74798324e-02   5.16861799e-02   2.01617731e-01
   7.38495733e-01   9.74679853e-01   9.97899780e-01   9.99785402e-01
   9.99941726e-01   9.99785402e-01   9.97899780e-01   9.74679853e-01
   7.38495733e-01   2.01617731e-01   5.16861799e-02   1.74798324e-02
   6.91854359e-03   3.03609944e-03   1.43699060e-03   7.21788142e-04
   3.80763965e-04   2.09439969e-04   1.19490088e-04   7.04240486e-05
   4.27394354e-05   2.66375555e-05   1.70104806e-05   1.11070903e-05
   7.40146826e-06   5.02435981e-06   3.46831188e-06   2.43031097e-06
   1.72558289e-06   1.23922845e-06   8.98478773e-07   6.56446465e-07
   4.82422766e-07   3.55976647e-07   2.63304036e-07   1.94933094e-07
   1.44261360e-07   1.06612007e-07   7.86190998e-08   5.78239005e-08
   4.24074443e-08   3.10112304e-08   2.26147602e-08   1.64497731e-08
   1.19384090e-08   8.64736519e-09   6.25317710e-09   4.51559489e-09
   3.25708554e-09   2.34708855e-09   1.68999766e-09   1.21605947e-09]
[  1.82127739e-10   2.49178661e-10   3.40560852e-10   4.64913867e-10
   6.33835297e-10   8.62828965e-10   1.17252167e-09   1.59020902e-09
   2.15180243e-09   2.90426765e-09   3.90868066e-09   5.24409258e-09
   7.01251557e-09   9.34554300e-09   1.24134318e-08   1.64379386e-08
   2.17108576e-08   2.86211365e-08   3.76947907e-08   4.96538791e-08
   6.55040173e-08   8.66650932e-08   1.15168320e-07   1.53956715e-07
   2.07349265e-07   2.81768066e-07   3.86894307e-07   5.37534618e-07
   7.56683568e-07   1.08063584e-06   1.56767710e-06   2.31315045e-06
   3.47613194e-06   5.32775336e-06   8.34095760e-06   1.33618794e-05
   2.19473034e-05   3.70525338e-05   6.44898612e-05   1.16164452e-04
   2.17644705e-04   4.27023315e-04   8.85620540e-04   1.96767376e-03
   4.77738686e-03   1.30620607e-02   4.18957151e-02   1.53953244e-01
   3.24461586e-01   1.53953244e-01   4.18957151e-02   1.30620607e-02
   4.77738686e-03   1.96767376e-03   8.85620540e-04   4.27023315e-04
   2.17644705e-04   1.16164452e-04   6.44898612e-05   3.70525338e-05
   2.19473034e-05   1.33618794e-05   8.34095760e-06   5.32775336e-06
   3.47613194e-06   2.31315045e-06   1.56767710e-06   1.08063584e-06
   7.56683568e-07   5.37534618e-07   3.86894307e-07   2.81768066e-07
   2.07349265e-07   1.53956715e-07   1.15168320e-07   8.66650932e-08
   6.55040173e-08   4.96538791e-08   3.76947907e-08   2.86211365e-08
   2.17108576e-08   1.64379386e-08   1.24134318e-08   9.34554300e-09
   7.01251557e-09   5.24409258e-09   3.90868066e-09   2.90426765e-09
   2.15180243e-09   1.59020902e-09   1.17252167e-09   8.62828965e-10
   6.33835297e-10   4.64913867e-10   3.40560852e-10   2.49178661e-10]
[  2.30191611e-11   3.05269765e-11   4.03925987e-11   5.33158124e-11
   7.01851230e-11   9.21197037e-11   1.20516668e-10   1.57102812e-10
   2.03989626e-10   2.63730470e-10   3.39379863e-10   4.34557324e-10
   5.53522610e-10   7.01275526e-10   8.83701219e-10   1.10779003e-09
   1.38196846e-09   1.71658465e-09   2.12459889e-09   2.62254164e-09
   3.23182162e-09   3.98050285e-09   4.90572703e-09   6.05704692e-09
   7.50107045e-09   9.32801713e-09   1.16610960e-08   1.46700926e-08
   1.85913058e-08   2.37571878e-08   3.06410174e-08   3.99252199e-08
   5.26074982e-08   7.01685042e-08   9.48415863e-08   1.30055344e-07
   1.81175143e-07   2.56773909e-07   3.70862680e-07   5.46904638e-07
   8.25221650e-07   1.27698003e-06   2.03103658e-06   3.32533267e-06
   5.59950679e-06   9.61848148e-06   1.63645531e-05   2.53524643e-05
   3.04076162e-05   2.53524643e-05   1.63645531e-05   9.61848148e-06
   5.59950679e-06   3.32533267e-06   2.03103658e-06   1.27698003e-06
   8.25221650e-07   5.46904638e-07   3.70862680e-07   2.56773909e-07
   1.81175143e-07   1.30055344e-07   9.48415863e-08   7.01685042e-08
   5.26074982e-08   3.99252199e-08   3.06410174e-08   2.37571878e-08
   1.85913058e-08   1.46700926e-08   1.16610960e-08   9.32801713e-09
   7.50107045e-09   6.05704692e-09   4.90572703e-09   3.98050285e-09
   3.23182162e-09   2.62254164e-09   2.12459889e-09   1.71658465e-09
   1.38196846e-09   1.10779003e-09   8.83701219e-10   7.01275526e-10
   5.53522610e-10   4.34557324e-10   3.39379863e-10   2.63730470e-10
   2.03989626e-10   1.57102812e-10   1.20516668e-10   9.21197037e-11
   7.01851230e-11   5.33158124e-11   4.03925987e-11   3.05269765e-11]
[  1.22651203e-12   1.54022727e-12   1.92700091e-12   2.40146863e-12
   2.98039197e-12   3.68268559e-12   4.52933771e-12   5.54320208e-12
   6.74865593e-12   8.17114895e-12   9.83671240e-12   1.17715529e-11
   1.40019091e-11   1.65543891e-11   1.94570089e-11   2.27411202e-11
   2.64443401e-11   3.06145228e-11   3.53147654e-11   4.06294667e-11
   4.66715749e-11   5.35913760e-11   6.15874742e-11   7.09210091e-11
   8.19346535e-11   9.50786154e-11   1.10946832e-10   1.30327987e-10
   1.54278198e-10   1.84225636e-10   2.22122773e-10   2.70670495e-10
   3.33652179e-10   4.16438289e-10   5.26759156e-10   6.75905430e-10
   8.80619764e-10   1.16611951e-09   1.57098782e-09   2.15516490e-09
   3.01304948e-09   4.29476773e-09   6.23931245e-09   9.21990195e-09
   1.37795947e-08   2.05429202e-08   2.96248497e-08   3.89784880e-08
   4.32956889e-08   3.89784880e-08   2.96248497e-08   2.05429202e-08
   1.37795947e-08   9.21990195e-09   6.23931245e-09   4.29476773e-09
   3.01304948e-09   2.15516490e-09   1.57098782e-09   1.16611951e-09
   8.80619764e-10   6.75905430e-10   5.26759156e-10   4.16438289e-10
   3.33652179e-10   2.70670495e-10   2.22122773e-10   1.84225636e-10
   1.54278198e-10   1.30327987e-10   1.10946832e-10   9.50786154e-11
   8.19346535e-11   7.09210091e-11   6.15874742e-11   5.35913760e-11
   4.66715749e-11   4.06294667e-11   3.53147654e-11   3.06145228e-11
   2.64443401e-11   2.27411202e-11   1.94570089e-11   1.65543891e-11
   1.40019091e-11   1.17715529e-11   9.83671240e-12   8.17114895e-12
   6.74865593e-12   5.54320208e-12   4.52933771e-12   3.68268559e-12
   2.98039197e-12   2.40146863e-12   1.92700091e-12   1.54022727e-12]
[  2.69972686e-14   3.22193154e-14   3.83098609e-14   4.53773151e-14
   5.35338297e-14   6.28923863e-14   7.35631213e-14   8.56490833e-14
   9.92418438e-14   1.14417660e-13   1.31235156e-13   1.49735695e-13
   1.69947591e-13   1.91895117e-13   2.15612722e-13   2.41164242e-13
   2.68666244e-13   2.98314335e-13   3.30411393e-13   3.65397358e-13
   4.03881341e-13   4.46678212e-13   4.94853308e-13   5.49780503e-13
   6.13220644e-13   6.87429667e-13   7.75308952e-13   8.80615398e-13
   1.00825618e-12   1.16470455e-12   1.35859040e-12   1.60154616e-12
   1.90942946e-12   2.30410773e-12   2.81608839e-12   3.48843172e-12
   4.38261957e-12   5.58740979e-12   7.23221962e-12   9.50723348e-12
   1.26929686e-11   1.72013594e-11   2.36247291e-11   3.27664581e-11
   4.55560169e-11   6.25744287e-11   8.26881931e-11   1.00873297e-10
   1.08551705e-10   1.00873297e-10   8.26881931e-11   6.25744287e-11
   4.55560169e-11   3.27664581e-11   2.36247291e-11   1.72013594e-11
   1.26929686e-11   9.50723348e-12   7.23221962e-12   5.58740979e-12
   4.38261957e-12   3.48843172e-12   2.81608839e-12   2.30410773e-12
   1.90942946e-12   1.60154616e-12   1.35859040e-12   1.16470455e-12
   1.00825618e-12   8.80615398e-13   7.75308952e-13   6.87429667e-13
   6.13220644e-13   5.49780503e-13   4.94853308e-13   4.46678212e-13
   4.03881341e-13   3.65397358e-13   3.30411393e-13   2.98314335e-13
   2.68666244e-13   2.41164242e-13   2.15612722e-13   1.91895117e-13
   1.69947591e-13   1.49735695e-13   1.31235156e-13   1.14417660e-13
   9.92418438e-14   8.56490833e-14   7.35631213e-14   6.28923863e-14
   5.35338297e-14   4.53773151e-14   3.83098609e-14   3.22193154e-14]
[  3.54198374e-16   4.07964364e-16   4.68360351e-16   5.35876449e-16
   6.10959715e-16   6.93990840e-16   7.85259679e-16   8.84942460e-16
   9.93084845e-16   1.10959613e-15   1.23426047e-15   1.36677048e-15
   1.50678701e-15   1.65402544e-15   1.80836552e-15   1.96997775e-15
   2.13945776e-15   2.31796046e-15   2.50732908e-15   2.71022007e-15
   2.93023143e-15   3.17204890e-15   3.44163068e-15   3.74645676e-15
   4.09587517e-15   4.50158511e-15   4.97830895e-15   5.54472319e-15
   6.22474601e-15   7.04932057e-15   8.05889416e-15   9.30688438e-15
   1.08645563e-14   1.28279309e-14   1.53276290e-14   1.85429648e-14
   2.27221634e-14   2.82112906e-14   3.54952088e-14   4.52540382e-14
   5.84364178e-14   7.63411839e-14   1.00668358e-13   1.33416776e-13
   1.76313764e-13   2.29156867e-13   2.86500930e-13   3.34326472e-13
   3.53503608e-13   3.34326472e-13   2.86500930e-13   2.29156867e-13
   1.76313764e-13   1.33416776e-13   1.00668358e-13   7.63411839e-14
   5.84364178e-14   4.52540382e-14   3.54952088e-14   2.82112906e-14
   2.27221634e-14   1.85429648e-14   1.53276290e-14   1.28279309e-14
   1.08645563e-14   9.30688438e-15   8.05889416e-15   7.04932057e-15
   6.22474601e-15   5.54472319e-15   4.97830895e-15   4.50158511e-15
   4.09587517e-15   3.74645676e-15   3.44163068e-15   3.17204890e-15
   2.93023143e-15   2.71022007e-15   2.50732908e-15   2.31796046e-15
   2.13945776e-15   1.96997775e-15   1.80836552e-15   1.65402544e-15
   1.50678701e-15   1.36677048e-15   1.23426047e-15   1.10959613e-15
   9.93084845e-16   8.84942460e-16   7.85259679e-16   6.93990840e-16
   6.10959715e-16   5.35876449e-16   4.68360351e-16   4.07964364e-16]
