epsilon, alpha, beta, pop, dif1, dif2, difratio, winner, time
.01, 1.25, 1, 50, 8.0, 10, 0.80000000000000004, 1, 6
.01, 1.025, 1, 50, 8.0, 10, 0.80000000000000004, 2, 11
.01, 1.1375, 1, 50, 8.0, 10, 0.80000000000000004, 1, 12
.01, 1.0812499999999998, 1, 50, 8.0, 10, 0.80000000000000004, 1, 26
.01, 1.0531249999999999, 1, 50, 8.0, 10, 0.80000000000000004, 2, 17
.01, 1.0671874999999997, 1, 50, 8.0, 10, 0.80000000000000004, 2, 44
.01, 1.0742187499999998, 1, 50, 8.0, 10, 0.80000000000000004, 1, 33
.01, 1.0707031249999996, 1, 50, 8.0, 10, 0.80000000000000004, 1, 41
.01, 1.0689453124999997, 1, 50, 8.0, 10, 0.80000000000000004, 1, 49
.01, 1.0680664062499998, 1, 50, 8.0, 10, 0.80000000000000004, 1, 61
.01, 1.0676269531249998, 1, 50, 8.0, 10, 0.80000000000000004, 2, 58
.01, 1.0678466796875, 1, 50, 8.0, 10, 0.80000000000000004, 1, 70
.01, 1.0677368164062497, 1, 50, 8.0, 10, 0.80000000000000004, 3, 80
.01, 1.25, 1, 50, 8.4000000000000004, 10, 0.84000000000000008, 1, 7
.01, 1.025, 1, 50, 8.4000000000000004, 10, 0.84000000000000008, 2, 8
.01, 1.1375, 1, 50, 8.4000000000000004, 10, 0.84000000000000008, 1, 15
.01, 1.0812499999999998, 1, 50, 8.4000000000000004, 10, 0.84000000000000008, 2, 18
.01, 1.109375, 1, 50, 8.4000000000000004, 10, 0.84000000000000008, 1, 25
.01, 1.0953125, 1, 50, 8.4000000000000004, 10, 0.84000000000000008, 1, 56
.01, 1.0882812499999999, 1, 50, 8.4000000000000004, 10, 0.84000000000000008, 2, 24
.01, 1.091796875, 1, 50, 8.4000000000000004, 10, 0.84000000000000008, 2, 30
.01, 1.0935546875, 1, 50, 8.4000000000000004, 10, 0.84000000000000008, 2, 37
.01, 1.0944335937499998, 1, 50, 8.4000000000000004, 10, 0.84000000000000008, 2, 48
.01, 1.0948730468749999, 1, 50, 8.4000000000000004, 10, 0.84000000000000008, 1, 72
.01, 1.0946533203124997, 1, 50, 8.4000000000000004, 10, 0.84000000000000008, 2, 58
.01, 1.09476318359375, 1, 50, 8.4000000000000004, 10, 0.84000000000000008, 2, 78
.01, 1.094818115234375, 1, 50, 8.4000000000000004, 10, 0.84000000000000008, 1, 79
.01, 1.0947906494140625, 1, 50, 8.4000000000000004, 10, 0.84000000000000008, 3, 80
.01, 1.25, 1, 50, 8.8000000000000007, 10, 0.88000000000000012, 1, 7
.01, 1.025, 1, 50, 8.8000000000000007, 10, 0.88000000000000012, 2, 7
.01, 1.1375, 1, 50, 8.8000000000000007, 10, 0.88000000000000012, 1, 23
.01, 1.0812499999999998, 1, 50, 8.8000000000000007, 10, 0.88000000000000012, 2, 11
.01, 1.109375, 1, 50, 8.8000000000000007, 10, 0.88000000000000012, 2, 19
.01, 1.1234375, 1, 50, 8.8000000000000007, 10, 0.88000000000000012, 1, 43
.01, 1.11640625, 1, 50, 8.8000000000000007, 10, 0.88000000000000012, 2, 26
.01, 1.1199218750000002, 1, 50, 8.8000000000000007, 10, 0.88000000000000012, 2, 37
.01, 1.1216796875000001, 1, 50, 8.8000000000000007, 10, 0.88000000000000012, 1, 59
.01, 1.1208007812500003, 1, 50, 8.8000000000000007, 10, 0.88000000000000012, 2, 45
.01, 1.121240234375, 1, 50, 8.8000000000000007, 10, 0.88000000000000012, 2, 64
.01, 1.1214599609375, 1, 50, 8.8000000000000007, 10, 0.88000000000000012, 1, 67
.01, 1.12135009765625, 1, 50, 8.8000000000000007, 10, 0.88000000000000012, 1, 79
.01, 1.1212951660156252, 1, 50, 8.8000000000000007, 10, 0.88000000000000012, 2, 79
.01, 1.1213226318359375, 1, 50, 8.8000000000000007, 10, 0.88000000000000012, 3, 80
.01, 1.25, 1, 50, 9.1999999999999993, 10, 0.91999999999999993, 1, 8
.01, 1.025, 1, 50, 9.1999999999999993, 10, 0.91999999999999993, 2, 6
.01, 1.1375, 1, 50, 9.1999999999999993, 10, 0.91999999999999993, 2, 21
.01, 1.19375, 1, 50, 9.1999999999999993, 10, 0.91999999999999993, 1, 14
.01, 1.165625, 1, 50, 9.1999999999999993, 10, 0.91999999999999993, 1, 22
.01, 1.1515624999999998, 1, 50, 9.1999999999999993, 10, 0.91999999999999993, 1, 36
.01, 1.14453125, 1, 50, 9.1999999999999993, 10, 0.91999999999999993, 2, 31
.01, 1.148046875, 1, 50, 9.1999999999999993, 10, 0.91999999999999993, 1, 53
.01, 1.1462890625, 1, 50, 9.1999999999999993, 10, 0.91999999999999993, 2, 39
.01, 1.1471679687499998, 1, 50, 9.1999999999999993, 10, 0.91999999999999993, 2, 55
.01, 1.1476074218749999, 1, 50, 9.1999999999999993, 10, 0.91999999999999993, 1, 62
.01, 1.1473876953124997, 1, 50, 9.1999999999999993, 10, 0.91999999999999993, 3, 80
.01, 1.25, 1, 50, 9.5999999999999996, 10, 0.95999999999999996, 1, 10
.01, 1.025, 1, 50, 9.5999999999999996, 10, 0.95999999999999996, 2, 6
.01, 1.1375, 1, 50, 9.5999999999999996, 10, 0.95999999999999996, 2, 12
.01, 1.19375, 1, 50, 9.5999999999999996, 10, 0.95999999999999996, 1, 20
.01, 1.165625, 1, 50, 9.5999999999999996, 10, 0.95999999999999996, 2, 23
.01, 1.1796875, 1, 50, 9.5999999999999996, 10, 0.95999999999999996, 1, 31
.01, 1.17265625, 1, 50, 9.5999999999999996, 10, 0.95999999999999996, 2, 51
.01, 1.176171875, 1, 50, 9.5999999999999996, 10, 0.95999999999999996, 1, 38
.01, 1.1744140625, 1, 50, 9.5999999999999996, 10, 0.95999999999999996, 1, 45
.01, 1.1735351562499998, 1, 50, 9.5999999999999996, 10, 0.95999999999999996, 1, 54
.01, 1.173095703125, 1, 50, 9.5999999999999996, 10, 0.95999999999999996, 1, 67
.01, 1.1728759765625, 1, 50, 9.5999999999999996, 10, 0.95999999999999996, 2, 64
.01, 1.17298583984375, 1, 50, 9.5999999999999996, 10, 0.95999999999999996, 1, 79
.01, 1.1729309082031252, 1, 50, 9.5999999999999996, 10, 0.95999999999999996, 2, 78
.01, 1.1729583740234375, 1, 50, 9.5999999999999996, 10, 0.95999999999999996, 3, 80
.01, 1.25, 1, 50, 10.0, 10, 1.0, 1, 12
.01, 1.025, 1, 50, 10.0, 10, 1.0, 2, 5
.01, 1.1375, 1, 50, 10.0, 10, 1.0, 2, 10
.01, 1.19375, 1, 50, 10.0, 10, 1.0, 2, 28
.01, 1.221875, 1, 50, 10.0, 10, 1.0, 1, 18
.01, 1.2078125000000002, 1, 50, 10.0, 10, 1.0, 1, 27
.01, 1.2007812500000001, 1, 50, 10.0, 10, 1.0, 1, 39
.01, 1.197265625, 1, 50, 10.0, 10, 1.0, 2, 42
.01, 1.1990234375000002, 1, 50, 10.0, 10, 1.0, 1, 49
.01, 1.19814453125, 1, 50, 10.0, 10, 1.0, 1, 80
.01, 1.197705078125, 1, 50, 10.0, 10, 1.0, 2, 49
.01, 1.1979248046875002, 1, 50, 10.0, 10, 1.0, 2, 56
.01, 1.1980346679687501, 1, 50, 10.0, 10, 1.0, 2, 64
.01, 1.198089599609375, 1, 50, 10.0, 10, 1.0, 2, 77
.01, 1.1981170654296875, 1, 50, 10.0, 10, 1.0, 3, 80
.01, 1.25, 1, 50, 10.4, 10, 1.04, 1, 17
.01, 1.025, 1, 50, 10.4, 10, 1.04, 2, 5
.01, 1.1375, 1, 50, 10.4, 10, 1.04, 2, 8
.01, 1.19375, 1, 50, 10.4, 10, 1.04, 2, 14
.01, 1.221875, 1, 50, 10.4, 10, 1.04, 2, 41
.01, 1.2359375, 1, 50, 10.4, 10, 1.04, 1, 23
.01, 1.22890625, 1, 50, 10.4, 10, 1.04, 1, 31
.01, 1.2253906250000002, 1, 50, 10.4, 10, 1.04, 1, 39
.01, 1.2236328125, 1, 50, 10.4, 10, 1.04, 1, 50
.01, 1.22275390625, 1, 50, 10.4, 10, 1.04, 2, 61
.01, 1.223193359375, 1, 50, 10.4, 10, 1.04, 1, 58
.01, 1.2229736328124998, 1, 50, 10.4, 10, 1.04, 1, 69
.01, 1.2228637695312499, 1, 50, 10.4, 10, 1.04, 3, 80
.01, 1.25, 1, 50, 10.800000000000001, 10, 1.0800000000000001, 1, 38
.01, 1.025, 1, 50, 10.800000000000001, 10, 1.0800000000000001, 2, 5
.01, 1.1375, 1, 50, 10.800000000000001, 10, 1.0800000000000001, 2, 7
.01, 1.19375, 1, 50, 10.800000000000001, 10, 1.0800000000000001, 2, 11
.01, 1.221875, 1, 50, 10.800000000000001, 10, 1.0800000000000001, 2, 15
.01, 1.2359375, 1, 50, 10.800000000000001, 10, 1.0800000000000001, 2, 21
.01, 1.24296875, 1, 50, 10.800000000000001, 10, 1.0800000000000001, 2, 29
.01, 1.246484375, 1, 50, 10.800000000000001, 10, 1.0800000000000001, 2, 44
.01, 1.2482421875, 1, 50, 10.800000000000001, 10, 1.0800000000000001, 1, 47
.01, 1.2473632812500002, 1, 50, 10.800000000000001, 10, 1.0800000000000001, 1, 67
.01, 1.2469238281250001, 1, 50, 10.800000000000001, 10, 1.0800000000000001, 2, 52
.01, 1.2471435546875003, 1, 50, 10.800000000000001, 10, 1.0800000000000001, 2, 64
.01, 1.2472534179687502, 1, 50, 10.800000000000001, 10, 1.0800000000000001, 3, 80
.01, 1.25, 1, 50, 11.199999999999999, 10, 1.1199999999999999, 2, 16
.01, 1.475, 1, 50, 11.199999999999999, 10, 1.1199999999999999, 1, 4
.01, 1.3625, 1, 50, 11.199999999999999, 10, 1.1199999999999999, 1, 8
.01, 1.30625, 1, 50, 11.199999999999999, 10, 1.1199999999999999, 1, 14
.01, 1.278125, 1, 50, 11.199999999999999, 10, 1.1199999999999999, 1, 28
.01, 1.2640625, 1, 50, 11.199999999999999, 10, 1.1199999999999999, 2, 25
.01, 1.27109375, 1, 50, 11.199999999999999, 10, 1.1199999999999999, 2, 60
.01, 1.2746093749999998, 1, 50, 11.199999999999999, 10, 1.1199999999999999, 1, 35
.01, 1.2728515624999999, 1, 50, 11.199999999999999, 10, 1.1199999999999999, 1, 42
.01, 1.27197265625, 1, 50, 11.199999999999999, 10, 1.1199999999999999, 1, 50
.01, 1.271533203125, 1, 50, 11.199999999999999, 10, 1.1199999999999999, 1, 58
.01, 1.2713134765624998, 1, 50, 11.199999999999999, 10, 1.1199999999999999, 1, 71
.01, 1.2712036132812499, 1, 50, 11.199999999999999, 10, 1.1199999999999999, 2, 76
.01, 1.2712585449218747, 1, 50, 11.199999999999999, 10, 1.1199999999999999, 3, 80
.01, 1.25, 1, 50, 11.6, 10, 1.1599999999999999, 2, 12
.01, 1.475, 1, 50, 11.6, 10, 1.1599999999999999, 1, 5
.01, 1.3625, 1, 50, 11.6, 10, 1.1599999999999999, 1, 9
.01, 1.30625, 1, 50, 11.6, 10, 1.1599999999999999, 1, 23
.01, 1.278125, 1, 50, 11.6, 10, 1.1599999999999999, 2, 18
.01, 1.2921874999999998, 1, 50, 11.6, 10, 1.1599999999999999, 2, 33
.01, 1.2992187499999999, 1, 50, 11.6, 10, 1.1599999999999999, 1, 32
.01, 1.2957031249999997, 1, 50, 11.6, 10, 1.1599999999999999, 1, 48
.01, 1.2939453124999998, 1, 50, 11.6, 10, 1.1599999999999999, 2, 43
.01, 1.2948242187499996, 1, 50, 11.6, 10, 1.1599999999999999, 2, 70
.01, 1.2952636718749997, 1, 50, 11.6, 10, 1.1599999999999999, 1, 56
.01, 1.2950439453124996, 1, 50, 11.6, 10, 1.1599999999999999, 1, 64
.01, 1.2949340820312496, 1, 50, 11.6, 10, 1.1599999999999999, 1, 74
.01, 1.2948791503906247, 1, 50, 11.6, 10, 1.1599999999999999, 3, 80
.01, 1.25, 1, 50, 12.0, 10, 1.2, 2, 10
.01, 1.475, 1, 50, 12.0, 10, 1.2, 1, 5
.01, 1.3625, 1, 50, 12.0, 10, 1.2, 1, 11
.01, 1.30625, 1, 50, 12.0, 10, 1.2, 2, 21
.01, 1.334375, 1, 50, 12.0, 10, 1.2, 1, 19
.01, 1.3203125, 1, 50, 12.0, 10, 1.2, 1, 38
.01, 1.31328125, 1, 50, 12.0, 10, 1.2, 2, 28
.01, 1.316796875, 1, 50, 12.0, 10, 1.2, 2, 39
.01, 1.3185546875, 1, 50, 12.0, 10, 1.2, 1, 56
.01, 1.3176757812500002, 1, 50, 12.0, 10, 1.2, 2, 49
.01, 1.318115234375, 1, 50, 12.0, 10, 1.2, 2, 67
.01, 1.3183349609375, 1, 50, 12.0, 10, 1.2, 1, 65
.01, 1.31822509765625, 1, 50, 12.0, 10, 1.2, 1, 79
.01, 1.318170166015625, 1, 50, 12.0, 10, 1.2, 2, 79
.01, 1.3181976318359374, 1, 50, 12.0, 10, 1.2, 3, 80
