epsilon, alpha, beta, pop, dif1, dif2, difratio, winner, time
.01, 1.15, 1, 50, 5.0, 10, 0.5, 1, 4
.01, 0.875, 1, 50, 5.0, 10, 0.5, 1, 27
.01, 0.7375, 1, 50, 5.0, 10, 0.5, 2, 3
.01, 0.80625, 1, 50, 5.0, 10, 0.5, 2, 4
.01, 0.840625, 1, 50, 5.0, 10, 0.5, 2, 7
.01, 0.8578125, 1, 50, 5.0, 10, 0.5, 2, 11
.01, 0.86640625, 1, 50, 5.0, 10, 0.5, 1, 59
.01, 0.862109375, 1, 50, 5.0, 10, 0.5, 2, 15
.01, 0.8642578125, 1, 50, 5.0, 10, 0.5, 2, 19
.01, 0.86533203125, 1, 50, 5.0, 10, 0.5, 2, 24
.01, 0.8658691406250001, 1, 50, 5.0, 10, 0.5, 2, 28
.01, 0.8661376953125001, 1, 50, 5.0, 10, 0.5, 2, 34
.01, 0.86627197265625, 1, 50, 5.0, 10, 0.5, 2, 42
.01, 0.866339111328125, 1, 50, 5.0, 10, 0.5, 1, 73
.01, 0.8663055419921875, 1, 50, 5.0, 10, 0.5, 2, 47
.01, 0.8663223266601563, 1, 50, 5.0, 10, 0.5, 2, 55
.01, 0.8663307189941407, 1, 50, 5.0, 10, 0.5, 3, 80
.01, 1.15, 1, 50, 6.0, 10, 0.59999999999999998, 1, 5
.01, 0.875, 1, 50, 6.0, 10, 0.59999999999999998, 2, 4
.01, 1.0125, 1, 50, 6.0, 10, 0.59999999999999998, 1, 11
.01, 0.94375, 1, 50, 6.0, 10, 0.59999999999999998, 2, 21
.01, 0.9781249999999999, 1, 50, 6.0, 10, 0.59999999999999998, 1, 16
.01, 0.9609375, 1, 50, 6.0, 10, 0.59999999999999998, 1, 22
.01, 0.95234375, 1, 50, 6.0, 10, 0.59999999999999998, 1, 28
.01, 0.948046875, 1, 50, 6.0, 10, 0.59999999999999998, 1, 37
.01, 0.9458984374999999, 1, 50, 6.0, 10, 0.59999999999999998, 2, 38
.01, 0.9469726562499999, 1, 50, 6.0, 10, 0.59999999999999998, 1, 42
.01, 0.9464355468749999, 1, 50, 6.0, 10, 0.59999999999999998, 1, 48
.01, 0.9461669921874999, 1, 50, 6.0, 10, 0.59999999999999998, 1, 56
.01, 0.94603271484375, 1, 50, 6.0, 10, 0.59999999999999998, 2, 53
.01, 0.9460998535156249, 1, 50, 6.0, 10, 0.59999999999999998, 1, 62
.01, 0.9460662841796874, 1, 50, 6.0, 10, 0.59999999999999998, 1, 69
.01, 0.9460494995117187, 1, 50, 6.0, 10, 0.59999999999999998, 2, 76
.01, 0.946057891845703, 1, 50, 6.0, 10, 0.59999999999999998, 1, 74
.01, 0.9460536956787109, 1, 50, 6.0, 10, 0.59999999999999998, 1, 79
.01, 0.9460515975952148, 1, 50, 6.0, 10, 0.59999999999999998, 3, 80
.01, 1.15, 1, 50, 7.0, 10, 0.69999999999999996, 1, 6
.01, 0.875, 1, 50, 7.0, 10, 0.69999999999999996, 2, 3
.01, 1.0125, 1, 50, 7.0, 10, 0.69999999999999996, 2, 14
.01, 1.0812499999999998, 1, 50, 7.0, 10, 0.69999999999999996, 1, 10
.01, 1.046875, 1, 50, 7.0, 10, 0.69999999999999996, 1, 16
.01, 1.0296875, 1, 50, 7.0, 10, 0.69999999999999996, 1, 24
.01, 1.02109375, 1, 50, 7.0, 10, 0.69999999999999996, 1, 49
.01, 1.0167968749999998, 1, 50, 7.0, 10, 0.69999999999999996, 2, 19
.01, 1.0189453124999999, 1, 50, 7.0, 10, 0.69999999999999996, 2, 24
.01, 1.02001953125, 1, 50, 7.0, 10, 0.69999999999999996, 2, 30
.01, 1.020556640625, 1, 50, 7.0, 10, 0.69999999999999996, 2, 38
.01, 1.0208251953124998, 1, 50, 7.0, 10, 0.69999999999999996, 1, 61
.01, 1.02069091796875, 1, 50, 7.0, 10, 0.69999999999999996, 2, 45
.01, 1.020758056640625, 1, 50, 7.0, 10, 0.69999999999999996, 2, 56
.01, 1.0207916259765624, 1, 50, 7.0, 10, 0.69999999999999996, 1, 68
.01, 1.0207748413085938, 1, 50, 7.0, 10, 0.69999999999999996, 3, 80
.01, 1.15, 1, 50, 8.0, 10, 0.80000000000000004, 1, 10
.01, 0.875, 1, 50, 8.0, 10, 0.80000000000000004, 2, 3
.01, 1.0125, 1, 50, 8.0, 10, 0.80000000000000004, 2, 5
.01, 1.0812499999999998, 1, 50, 8.0, 10, 0.80000000000000004, 2, 14
.01, 1.1156249999999999, 1, 50, 8.0, 10, 0.80000000000000004, 1, 16
.01, 1.0984374999999997, 1, 50, 8.0, 10, 0.80000000000000004, 1, 25
.01, 1.0898437499999998, 1, 50, 8.0, 10, 0.80000000000000004, 2, 26
.01, 1.0941406249999996, 1, 50, 8.0, 10, 0.80000000000000004, 1, 32
.01, 1.0919921874999998, 1, 50, 8.0, 10, 0.80000000000000004, 1, 43
.01, 1.09091796875, 1, 50, 8.0, 10, 0.80000000000000004, 2, 34
.01, 1.0914550781249999, 1, 50, 8.0, 10, 0.80000000000000004, 1, 58
.01, 1.0911865234375, 1, 50, 8.0, 10, 0.80000000000000004, 2, 40
.01, 1.0913208007812498, 1, 50, 8.0, 10, 0.80000000000000004, 2, 48
.01, 1.0913879394531247, 1, 50, 8.0, 10, 0.80000000000000004, 1, 80
.01, 1.0913543701171873, 1, 50, 8.0, 10, 0.80000000000000004, 2, 54
.01, 1.091371154785156, 1, 50, 8.0, 10, 0.80000000000000004, 2, 59
.01, 1.0913795471191403, 1, 50, 8.0, 10, 0.80000000000000004, 2, 66
.01, 1.0913837432861326, 1, 50, 8.0, 10, 0.80000000000000004, 2, 78
.01, 1.0913858413696287, 1, 50, 8.0, 10, 0.80000000000000004, 3, 80
.01, 1.15, 1, 50, 9.0, 10, 0.90000000000000002, 2, 16
.01, 1.4249999999999998, 1, 50, 9.0, 10, 0.90000000000000002, 1, 3
.01, 1.2874999999999999, 1, 50, 9.0, 10, 0.90000000000000002, 1, 5
.01, 1.21875, 1, 50, 9.0, 10, 0.90000000000000002, 1, 9
.01, 1.184375, 1, 50, 9.0, 10, 0.90000000000000002, 1, 14
.01, 1.1671874999999998, 1, 50, 9.0, 10, 0.90000000000000002, 1, 22
.01, 1.1585937499999999, 1, 50, 9.0, 10, 0.90000000000000002, 1, 60
.01, 1.154296875, 1, 50, 9.0, 10, 0.90000000000000002, 2, 20
.01, 1.1564453124999998, 1, 50, 9.0, 10, 0.90000000000000002, 2, 25
.01, 1.1575195312499997, 1, 50, 9.0, 10, 0.90000000000000002, 2, 30
.01, 1.158056640625, 1, 50, 9.0, 10, 0.90000000000000002, 2, 35
.01, 1.1583251953125, 1, 50, 9.0, 10, 0.90000000000000002, 2, 41
.01, 1.1584594726562498, 1, 50, 9.0, 10, 0.90000000000000002, 2, 48
.01, 1.1585266113281247, 1, 50, 9.0, 10, 0.90000000000000002, 2, 62
.01, 1.1585601806640624, 1, 50, 9.0, 10, 0.90000000000000002, 1, 66
.01, 1.1585433959960936, 1, 50, 9.0, 10, 0.90000000000000002, 1, 78
.01, 1.1585350036621092, 1, 50, 9.0, 10, 0.90000000000000002, 2, 70
.01, 1.1585391998291015, 1, 50, 9.0, 10, 0.90000000000000002, 3, 80
.01, 1.15, 1, 50, 10.0, 10, 1.0, 2, 6
.01, 1.4249999999999998, 1, 50, 10.0, 10, 1.0, 1, 4
.01, 1.2874999999999999, 1, 50, 10.0, 10, 1.0, 1, 8
.01, 1.21875, 1, 50, 10.0, 10, 1.0, 2, 22
.01, 1.2531249999999998, 1, 50, 10.0, 10, 1.0, 1, 12
.01, 1.2359375, 1, 50, 10.0, 10, 1.0, 1, 18
.01, 1.22734375, 1, 50, 10.0, 10, 1.0, 1, 26
.01, 1.223046875, 1, 50, 10.0, 10, 1.0, 1, 46
.01, 1.2208984375, 1, 50, 10.0, 10, 1.0, 2, 27
.01, 1.2219726562500002, 1, 50, 10.0, 10, 1.0, 2, 33
.01, 1.2225097656250001, 1, 50, 10.0, 10, 1.0, 2, 42
.01, 1.2227783203125, 1, 50, 10.0, 10, 1.0, 1, 60
.01, 1.2226440429687502, 1, 50, 10.0, 10, 1.0, 2, 49
.01, 1.222711181640625, 1, 50, 10.0, 10, 1.0, 2, 59
.01, 1.2227447509765625, 1, 50, 10.0, 10, 1.0, 1, 71
.01, 1.222727966308594, 1, 50, 10.0, 10, 1.0, 2, 70
.01, 1.2227363586425781, 1, 50, 10.0, 10, 1.0, 1, 80
.01, 1.222732162475586, 1, 50, 10.0, 10, 1.0, 3, 80
.01, 1.15, 1, 50, 11.0, 10, 1.1000000000000001, 2, 4
.01, 1.4249999999999998, 1, 50, 11.0, 10, 1.1000000000000001, 1, 4
.01, 1.2874999999999999, 1, 50, 11.0, 10, 1.1000000000000001, 1, 27
.01, 1.21875, 1, 50, 11.0, 10, 1.1000000000000001, 2, 7
.01, 1.2531249999999998, 1, 50, 11.0, 10, 1.1000000000000001, 2, 10
.01, 1.2703124999999997, 1, 50, 11.0, 10, 1.1000000000000001, 2, 14
.01, 1.27890625, 1, 50, 11.0, 10, 1.1000000000000001, 2, 20
.01, 1.283203125, 1, 50, 11.0, 10, 1.1000000000000001, 2, 31
.01, 1.2853515624999998, 1, 50, 11.0, 10, 1.1000000000000001, 1, 36
.01, 1.28427734375, 1, 50, 11.0, 10, 1.1000000000000001, 2, 51
.01, 1.2848144531249999, 1, 50, 11.0, 10, 1.1000000000000001, 1, 42
.01, 1.2845458984375, 1, 50, 11.0, 10, 1.1000000000000001, 1, 49
.01, 1.28441162109375, 1, 50, 11.0, 10, 1.1000000000000001, 1, 58
.01, 1.2843444824218748, 1, 50, 11.0, 10, 1.1000000000000001, 2, 66
.01, 1.2843780517578125, 1, 50, 11.0, 10, 1.1000000000000001, 1, 65
.01, 1.2843612670898437, 1, 50, 11.0, 10, 1.1000000000000001, 1, 75
.01, 1.2843528747558592, 1, 50, 11.0, 10, 1.1000000000000001, 2, 78
.01, 1.2843570709228516, 1, 50, 11.0, 10, 1.1000000000000001, 3, 80
.01, 1.15, 1, 50, 12.0, 10, 1.2, 2, 3
.01, 1.4249999999999998, 1, 50, 12.0, 10, 1.2, 1, 6
.01, 1.2874999999999999, 1, 50, 12.0, 10, 1.2, 2, 8
.01, 1.3562499999999997, 1, 50, 12.0, 10, 1.2, 1, 16
.01, 1.321875, 1, 50, 12.0, 10, 1.2, 2, 12
.01, 1.3390624999999998, 1, 50, 12.0, 10, 1.2, 2, 22
.01, 1.3476562499999998, 1, 50, 12.0, 10, 1.2, 1, 24
.01, 1.343359375, 1, 50, 12.0, 10, 1.2, 2, 41
.01, 1.3455078124999997, 1, 50, 12.0, 10, 1.2, 1, 30
.01, 1.3444335937499998, 1, 50, 12.0, 10, 1.2, 1, 37
.01, 1.3438964843749999, 1, 50, 12.0, 10, 1.2, 1, 48
.01, 1.3436279296875, 1, 50, 12.0, 10, 1.2, 2, 52
.01, 1.3437622070312498, 1, 50, 12.0, 10, 1.2, 1, 58
.01, 1.343695068359375, 1, 50, 12.0, 10, 1.2, 2, 64
.01, 1.3437286376953124, 1, 50, 12.0, 10, 1.2, 1, 66
.01, 1.3437118530273438, 1, 50, 12.0, 10, 1.2, 3, 80
.01, 1.15, 1, 50, 13.0, 10, 1.3, 2, 3
.01, 1.4249999999999998, 1, 50, 13.0, 10, 1.3, 1, 11
.01, 1.2874999999999999, 1, 50, 13.0, 10, 1.3, 2, 5
.01, 1.3562499999999997, 1, 50, 13.0, 10, 1.3, 2, 9
.01, 1.3906249999999998, 1, 50, 13.0, 10, 1.3, 2, 17
.01, 1.4078125, 1, 50, 13.0, 10, 1.3, 1, 19
.01, 1.3992187499999997, 1, 50, 13.0, 10, 1.3, 2, 29
.01, 1.4035156249999998, 1, 50, 13.0, 10, 1.3, 1, 26
.01, 1.4013671874999998, 1, 50, 13.0, 10, 1.3, 1, 42
.01, 1.4002929687499996, 1, 50, 13.0, 10, 1.3, 2, 36
.01, 1.4008300781249998, 1, 50, 13.0, 10, 1.3, 2, 45
.01, 1.4010986328125, 1, 50, 13.0, 10, 1.3, 1, 57
.01, 1.4009643554687499, 1, 50, 13.0, 10, 1.3, 2, 53
.01, 1.401031494140625, 1, 50, 13.0, 10, 1.3, 2, 64
.01, 1.4010650634765625, 1, 50, 13.0, 10, 1.3, 1, 67
.01, 1.4010482788085938, 1, 50, 13.0, 10, 1.3, 2, 78
.01, 1.401056671142578, 1, 50, 13.0, 10, 1.3, 1, 75
.01, 1.401052474975586, 1, 50, 13.0, 10, 1.3, 3, 80
.01, 1.15, 1, 50, 14.0, 10, 1.3999999999999999, 2, 3
.01, 1.4249999999999998, 1, 50, 14.0, 10, 1.3999999999999999, 2, 11
.01, 1.5625, 1, 50, 14.0, 10, 1.3999999999999999, 1, 4
.01, 1.49375, 1, 50, 14.0, 10, 1.3999999999999999, 1, 8
.01, 1.4593749999999999, 1, 50, 14.0, 10, 1.3999999999999999, 1, 24
.01, 1.4421874999999997, 1, 50, 14.0, 10, 1.3999999999999999, 2, 16
.01, 1.45078125, 1, 50, 14.0, 10, 1.3999999999999999, 2, 22
.01, 1.455078125, 1, 50, 14.0, 10, 1.3999999999999999, 2, 32
.01, 1.4572265624999998, 1, 50, 14.0, 10, 1.3999999999999999, 1, 35
.01, 1.45615234375, 1, 50, 14.0, 10, 1.3999999999999999, 2, 41
.01, 1.4566894531249999, 1, 50, 14.0, 10, 1.3999999999999999, 1, 49
.01, 1.4564208984375, 1, 50, 14.0, 10, 1.3999999999999999, 2, 49
.01, 1.4565551757812498, 1, 50, 14.0, 10, 1.3999999999999999, 2, 64
.01, 1.4566223144531247, 1, 50, 14.0, 10, 1.3999999999999999, 1, 57
.01, 1.4565887451171873, 1, 50, 14.0, 10, 1.3999999999999999, 1, 69
.01, 1.4565719604492187, 1, 50, 14.0, 10, 1.3999999999999999, 2, 73
.01, 1.4565803527832029, 1, 50, 14.0, 10, 1.3999999999999999, 3, 80
.01, 1.15, 1, 50, 15.0, 10, 1.5, 2, 2
.01, 1.4249999999999998, 1, 50, 15.0, 10, 1.5, 2, 7
.01, 1.5625, 1, 50, 15.0, 10, 1.5, 1, 6
.01, 1.49375, 1, 50, 15.0, 10, 1.5, 2, 15
.01, 1.528125, 1, 50, 15.0, 10, 1.5, 1, 10
.01, 1.5109374999999998, 1, 50, 15.0, 10, 1.5, 1, 36
.01, 1.5023437499999999, 1, 50, 15.0, 10, 1.5, 2, 20
.01, 1.5066406249999997, 1, 50, 15.0, 10, 1.5, 2, 25
.01, 1.5087890624999998, 1, 50, 15.0, 10, 1.5, 2, 31
.01, 1.50986328125, 1, 50, 15.0, 10, 1.5, 2, 39
.01, 1.5104003906249999, 1, 50, 15.0, 10, 1.5, 2, 57
.01, 1.5106689453124997, 1, 50, 15.0, 10, 1.5, 1, 43
.01, 1.51053466796875, 1, 50, 15.0, 10, 1.5, 1, 51
.01, 1.510467529296875, 1, 50, 15.0, 10, 1.5, 3, 80
