epsilon, alpha, beta, pop, dif1, dif2, difratio, winner, time
.01, 1.25, 1, 80, 5.0, 10, 0.5, 1, 10
.01, 0.875, 1, 80, 5.0, 10, 0.5, 2, 8
.01, 1.0625, 1, 80, 5.0, 10, 0.5, 1, 16
.01, 0.96875, 1, 80, 5.0, 10, 0.5, 1, 25
.01, 0.921875, 1, 80, 5.0, 10, 0.5, 1, 38
.01, 0.8984375, 1, 80, 5.0, 10, 0.5, 2, 13
.01, 0.91015625, 1, 80, 5.0, 10, 0.5, 1, 50
.01, 0.904296875, 1, 80, 5.0, 10, 0.5, 2, 18
.01, 0.9072265625, 1, 80, 5.0, 10, 0.5, 2, 25
.01, 0.90869140625, 1, 80, 5.0, 10, 0.5, 1, 56
.01, 0.907958984375, 1, 80, 5.0, 10, 0.5, 2, 37
.01, 0.9083251953125, 1, 80, 5.0, 10, 0.5, 1, 61
.01, 0.90814208984375, 1, 80, 5.0, 10, 0.5, 1, 66
.01, 0.908050537109375, 1, 80, 5.0, 10, 0.5, 1, 77
.01, 0.9080047607421875, 1, 80, 5.0, 10, 0.5, 2, 42
.01, 0.9080276489257812, 1, 80, 5.0, 10, 0.5, 2, 48
.01, 0.9080390930175781, 1, 80, 5.0, 10, 0.5, 3, 80
.01, 1.25, 1, 80, 6.0, 10, 0.59999999999999998, 1, 11
.01, 0.875, 1, 80, 6.0, 10, 0.59999999999999998, 2, 5
.01, 1.0625, 1, 80, 6.0, 10, 0.59999999999999998, 1, 22
.01, 0.96875, 1, 80, 6.0, 10, 0.59999999999999998, 2, 11
.01, 1.015625, 1, 80, 6.0, 10, 0.59999999999999998, 1, 30
.01, 0.9921875, 1, 80, 6.0, 10, 0.59999999999999998, 1, 45
.01, 0.98046875, 1, 80, 6.0, 10, 0.59999999999999998, 2, 15
.01, 0.986328125, 1, 80, 6.0, 10, 0.59999999999999998, 2, 21
.01, 0.9892578125, 1, 80, 6.0, 10, 0.59999999999999998, 1, 57
.01, 0.98779296875, 1, 80, 6.0, 10, 0.59999999999999998, 2, 26
.01, 0.988525390625, 1, 80, 6.0, 10, 0.59999999999999998, 2, 33
.01, 0.9888916015625, 1, 80, 6.0, 10, 0.59999999999999998, 1, 65
.01, 0.98870849609375, 1, 80, 6.0, 10, 0.59999999999999998, 2, 41
.01, 0.988800048828125, 1, 80, 6.0, 10, 0.59999999999999998, 1, 73
.01, 0.9887542724609375, 1, 80, 6.0, 10, 0.59999999999999998, 2, 48
.01, 0.9887771606445312, 1, 80, 6.0, 10, 0.59999999999999998, 3, 80
.01, 1.25, 1, 80, 7.0, 10, 0.69999999999999996, 1, 13
.01, 0.875, 1, 80, 7.0, 10, 0.69999999999999996, 2, 4
.01, 1.0625, 1, 80, 7.0, 10, 0.69999999999999996, 2, 23
.01, 1.15625, 1, 80, 7.0, 10, 0.69999999999999996, 1, 18
.01, 1.109375, 1, 80, 7.0, 10, 0.69999999999999996, 1, 25
.01, 1.0859375, 1, 80, 7.0, 10, 0.69999999999999996, 1, 31
.01, 1.07421875, 1, 80, 7.0, 10, 0.69999999999999996, 1, 37
.01, 1.068359375, 1, 80, 7.0, 10, 0.69999999999999996, 1, 43
.01, 1.0654296875, 1, 80, 7.0, 10, 0.69999999999999996, 1, 52
.01, 1.06396484375, 1, 80, 7.0, 10, 0.69999999999999996, 2, 30
.01, 1.064697265625, 1, 80, 7.0, 10, 0.69999999999999996, 1, 62
.01, 1.0643310546875, 1, 80, 7.0, 10, 0.69999999999999996, 2, 36
.01, 1.06451416015625, 1, 80, 7.0, 10, 0.69999999999999996, 2, 52
.01, 1.064605712890625, 1, 80, 7.0, 10, 0.69999999999999996, 1, 66
.01, 1.0645599365234375, 1, 80, 7.0, 10, 0.69999999999999996, 1, 71
.01, 1.0645370483398438, 1, 80, 7.0, 10, 0.69999999999999996, 1, 77
.01, 1.0645256042480469, 1, 80, 7.0, 10, 0.69999999999999996, 2, 73
.01, 1.0645313262939453, 1, 80, 7.0, 10, 0.69999999999999996, 3, 80
.01, 1.25, 1, 80, 8.0, 10, 0.80000000000000004, 1, 16
.01, 0.875, 1, 80, 8.0, 10, 0.80000000000000004, 2, 3
.01, 1.0625, 1, 80, 8.0, 10, 0.80000000000000004, 2, 6
.01, 1.15625, 1, 80, 8.0, 10, 0.80000000000000004, 1, 30
.01, 1.109375, 1, 80, 8.0, 10, 0.80000000000000004, 2, 10
.01, 1.1328125, 1, 80, 8.0, 10, 0.80000000000000004, 2, 21
.01, 1.14453125, 1, 80, 8.0, 10, 0.80000000000000004, 1, 36
.01, 1.138671875, 1, 80, 8.0, 10, 0.80000000000000004, 1, 44
.01, 1.1357421875, 1, 80, 8.0, 10, 0.80000000000000004, 2, 32
.01, 1.13720703125, 1, 80, 8.0, 10, 0.80000000000000004, 1, 50
.01, 1.136474609375, 1, 80, 8.0, 10, 0.80000000000000004, 1, 57
.01, 1.1361083984375, 1, 80, 8.0, 10, 0.80000000000000004, 2, 45
.01, 1.13629150390625, 1, 80, 8.0, 10, 0.80000000000000004, 1, 62
.01, 1.136199951171875, 1, 80, 8.0, 10, 0.80000000000000004, 1, 69
.01, 1.1361541748046875, 1, 80, 8.0, 10, 0.80000000000000004, 2, 61
.01, 1.1361770629882812, 1, 80, 8.0, 10, 0.80000000000000004, 1, 74
.01, 1.1361656188964844, 1, 80, 8.0, 10, 0.80000000000000004, 1, 79
.01, 1.136159896850586, 1, 80, 8.0, 10, 0.80000000000000004, 3, 80
.01, 1.25, 1, 80, 9.0, 10, 0.90000000000000002, 1, 22
.01, 0.875, 1, 80, 9.0, 10, 0.90000000000000002, 2, 3
.01, 1.0625, 1, 80, 9.0, 10, 0.90000000000000002, 2, 5
.01, 1.15625, 1, 80, 9.0, 10, 0.90000000000000002, 2, 8
.01, 1.203125, 1, 80, 9.0, 10, 0.90000000000000002, 2, 27
.01, 1.2265625, 1, 80, 9.0, 10, 0.90000000000000002, 1, 28
.01, 1.21484375, 1, 80, 9.0, 10, 0.90000000000000002, 1, 34
.01, 1.208984375, 1, 80, 9.0, 10, 0.90000000000000002, 1, 39
.01, 1.2060546875, 1, 80, 9.0, 10, 0.90000000000000002, 1, 46
.01, 1.20458984375, 1, 80, 9.0, 10, 0.90000000000000002, 1, 57
.01, 1.203857421875, 1, 80, 9.0, 10, 0.90000000000000002, 2, 33
.01, 1.2042236328125, 1, 80, 9.0, 10, 0.90000000000000002, 2, 43
.01, 1.20440673828125, 1, 80, 9.0, 10, 0.90000000000000002, 1, 64
.01, 1.204315185546875, 1, 80, 9.0, 10, 0.90000000000000002, 1, 79
.01, 1.2042694091796875, 1, 80, 9.0, 10, 0.90000000000000002, 2, 48
.01, 1.2042922973632812, 1, 80, 9.0, 10, 0.90000000000000002, 2, 53
.01, 1.2043037414550781, 1, 80, 9.0, 10, 0.90000000000000002, 2, 62
.01, 1.2043094635009766, 1, 80, 9.0, 10, 0.90000000000000002, 3, 80
.01, 1.25, 1, 80, 10.0, 10, 1.0, 2, 12
.01, 1.625, 1, 80, 10.0, 10, 1.0, 1, 7
.01, 1.4375, 1, 80, 10.0, 10, 1.0, 1, 11
.01, 1.34375, 1, 80, 10.0, 10, 1.0, 1, 17
.01, 1.296875, 1, 80, 10.0, 10, 1.0, 1, 25
.01, 1.2734375, 1, 80, 10.0, 10, 1.0, 1, 40
.01, 1.26171875, 1, 80, 10.0, 10, 1.0, 2, 17
.01, 1.267578125, 1, 80, 10.0, 10, 1.0, 2, 25
.01, 1.2705078125, 1, 80, 10.0, 10, 1.0, 1, 48
.01, 1.26904296875, 1, 80, 10.0, 10, 1.0, 2, 34
.01, 1.269775390625, 1, 80, 10.0, 10, 1.0, 1, 56
.01, 1.2694091796875, 1, 80, 10.0, 10, 1.0, 2, 46
.01, 1.26959228515625, 1, 80, 10.0, 10, 1.0, 1, 62
.01, 1.269500732421875, 1, 80, 10.0, 10, 1.0, 1, 70
.01, 1.2694549560546875, 1, 80, 10.0, 10, 1.0, 2, 55
.01, 1.2694778442382812, 1, 80, 10.0, 10, 1.0, 1, 78
.01, 1.2694664001464844, 1, 80, 10.0, 10, 1.0, 2, 65
.01, 1.2694721221923828, 1, 80, 10.0, 10, 1.0, 3, 80
.01, 1.25, 1, 80, 11.0, 10, 1.1000000000000001, 2, 7
.01, 1.625, 1, 80, 11.0, 10, 1.1000000000000001, 1, 8
.01, 1.4375, 1, 80, 11.0, 10, 1.1000000000000001, 1, 14
.01, 1.34375, 1, 80, 11.0, 10, 1.1000000000000001, 1, 31
.01, 1.296875, 1, 80, 11.0, 10, 1.1000000000000001, 2, 10
.01, 1.3203125, 1, 80, 11.0, 10, 1.1000000000000001, 2, 15
.01, 1.33203125, 1, 80, 11.0, 10, 1.1000000000000001, 3, 80
.01, 1.25, 1, 80, 12.0, 10, 1.2, 2, 5
.01, 1.625, 1, 80, 12.0, 10, 1.2, 1, 9
.01, 1.4375, 1, 80, 12.0, 10, 1.2, 1, 20
.01, 1.34375, 1, 80, 12.0, 10, 1.2, 2, 9
.01, 1.390625, 1, 80, 12.0, 10, 1.2, 2, 27
.01, 1.4140625, 1, 80, 12.0, 10, 1.2, 1, 25
.01, 1.40234375, 1, 80, 12.0, 10, 1.2, 1, 31
.01, 1.396484375, 1, 80, 12.0, 10, 1.2, 1, 38
.01, 1.3935546875, 1, 80, 12.0, 10, 1.2, 1, 46
.01, 1.39208984375, 1, 80, 12.0, 10, 1.2, 2, 40
.01, 1.392822265625, 1, 80, 12.0, 10, 1.2, 1, 51
.01, 1.3924560546875, 1, 80, 12.0, 10, 1.2, 1, 59
.01, 1.39227294921875, 1, 80, 12.0, 10, 1.2, 2, 56
.01, 1.392364501953125, 1, 80, 12.0, 10, 1.2, 1, 64
.01, 1.3923187255859375, 1, 80, 12.0, 10, 1.2, 1, 70
.01, 1.3922958374023438, 1, 80, 12.0, 10, 1.2, 3, 80
.01, 1.25, 1, 80, 13.0, 10, 1.3, 2, 4
.01, 1.625, 1, 80, 13.0, 10, 1.3, 1, 10
.01, 1.4375, 1, 80, 13.0, 10, 1.3, 2, 15
.01, 1.53125, 1, 80, 13.0, 10, 1.3, 1, 15
.01, 1.484375, 1, 80, 13.0, 10, 1.3, 1, 21
.01, 1.4609375, 1, 80, 13.0, 10, 1.3, 1, 30
.01, 1.44921875, 1, 80, 13.0, 10, 1.3, 2, 29
.01, 1.455078125, 1, 80, 13.0, 10, 1.3, 1, 36
.01, 1.4521484375, 1, 80, 13.0, 10, 1.3, 1, 43
.01, 1.45068359375, 1, 80, 13.0, 10, 1.3, 1, 58
.01, 1.449951171875, 1, 80, 13.0, 10, 1.3, 2, 34
.01, 1.4503173828125, 1, 80, 13.0, 10, 1.3, 2, 41
.01, 1.45050048828125, 1, 80, 13.0, 10, 1.3, 2, 63
.01, 1.450592041015625, 1, 80, 13.0, 10, 1.3, 1, 63
.01, 1.4505462646484375, 1, 80, 13.0, 10, 1.3, 1, 68
.01, 1.4505233764648438, 1, 80, 13.0, 10, 1.3, 1, 74
.01, 1.4505119323730469, 1, 80, 13.0, 10, 1.3, 3, 80
.01, 1.25, 1, 80, 14.0, 10, 1.3999999999999999, 2, 4
.01, 1.625, 1, 80, 14.0, 10, 1.3999999999999999, 1, 12
.01, 1.4375, 1, 80, 14.0, 10, 1.3999999999999999, 2, 8
.01, 1.53125, 1, 80, 14.0, 10, 1.3999999999999999, 1, 23
.01, 1.484375, 1, 80, 14.0, 10, 1.3999999999999999, 2, 13
.01, 1.5078125, 1, 80, 14.0, 10, 1.3999999999999999, 1, 47
.01, 1.49609375, 1, 80, 14.0, 10, 1.3999999999999999, 2, 17
.01, 1.501953125, 1, 80, 14.0, 10, 1.3999999999999999, 2, 21
.01, 1.5048828125, 1, 80, 14.0, 10, 1.3999999999999999, 2, 27
.01, 1.50634765625, 1, 80, 14.0, 10, 1.3999999999999999, 2, 35
.01, 1.507080078125, 1, 80, 14.0, 10, 1.3999999999999999, 1, 57
.01, 1.5067138671875, 1, 80, 14.0, 10, 1.3999999999999999, 2, 43
.01, 1.50689697265625, 1, 80, 14.0, 10, 1.3999999999999999, 1, 76
.01, 1.506805419921875, 1, 80, 14.0, 10, 1.3999999999999999, 2, 48
.01, 1.5068511962890625, 1, 80, 14.0, 10, 1.3999999999999999, 2, 53
.01, 1.5068740844726562, 1, 80, 14.0, 10, 1.3999999999999999, 2, 61
.01, 1.5068855285644531, 1, 80, 14.0, 10, 1.3999999999999999, 3, 80
.01, 1.25, 1, 80, 15.0, 10, 1.5, 2, 3
.01, 1.625, 1, 80, 15.0, 10, 1.5, 1, 16
.01, 1.4375, 1, 80, 15.0, 10, 1.5, 2, 6
.01, 1.53125, 1, 80, 15.0, 10, 1.5, 2, 12
.01, 1.578125, 1, 80, 15.0, 10, 1.5, 1, 26
.01, 1.5546875, 1, 80, 15.0, 10, 1.5, 2, 20
.01, 1.56640625, 1, 80, 15.0, 10, 1.5, 1, 35
.01, 1.560546875, 1, 80, 15.0, 10, 1.5, 2, 31
.01, 1.5634765625, 1, 80, 15.0, 10, 1.5, 1, 41
.01, 1.56201171875, 1, 80, 15.0, 10, 1.5, 1, 52
.01, 1.561279296875, 1, 80, 15.0, 10, 1.5, 2, 39
.01, 1.5616455078125, 1, 80, 15.0, 10, 1.5, 1, 66
.01, 1.56146240234375, 1, 80, 15.0, 10, 1.5, 2, 45
.01, 1.561553955078125, 1, 80, 15.0, 10, 1.5, 2, 53
.01, 1.5615997314453125, 1, 80, 15.0, 10, 1.5, 3, 80
