epsilon, alpha, beta, pop, dif1, dif2, difratio, winner, time
.01, 1.25, 1, 50, 8.0, 10, 0.80000000000000004, 1, 7
.01, 1.025, 1, 50, 8.0, 10, 0.80000000000000004, 2, 4
.01, 1.1375, 1, 50, 8.0, 10, 0.80000000000000004, 1, 31
.01, 1.0812499999999998, 1, 50, 8.0, 10, 0.80000000000000004, 2, 6
.01, 1.109375, 1, 50, 8.0, 10, 0.80000000000000004, 2, 9
.01, 1.1234375, 1, 50, 8.0, 10, 0.80000000000000004, 2, 11
.01, 1.13046875, 1, 50, 8.0, 10, 0.80000000000000004, 2, 15
.01, 1.1339843749999998, 1, 50, 8.0, 10, 0.80000000000000004, 2, 19
.01, 1.1357421875, 1, 50, 8.0, 10, 0.80000000000000004, 2, 27
.01, 1.13662109375, 1, 50, 8.0, 10, 0.80000000000000004, 1, 36
.01, 1.136181640625, 1, 50, 8.0, 10, 0.80000000000000004, 1, 51
.01, 1.1359619140625, 1, 50, 8.0, 10, 0.80000000000000004, 2, 31
.01, 1.13607177734375, 1, 50, 8.0, 10, 0.80000000000000004, 2, 35
.01, 1.1361267089843752, 1, 50, 8.0, 10, 0.80000000000000004, 2, 40
.01, 1.1361541748046875, 1, 50, 8.0, 10, 0.80000000000000004, 2, 51
.01, 1.1361679077148437, 1, 50, 8.0, 10, 0.80000000000000004, 1, 55
.01, 1.1361610412597656, 1, 50, 8.0, 10, 0.80000000000000004, 1, 60
.01, 1.1361576080322267, 1, 50, 8.0, 10, 0.80000000000000004, 1, 70
.01, 1.136155891418457, 1, 50, 8.0, 10, 0.80000000000000004, 2, 56
.01, 1.136156749725342, 1, 50, 8.0, 10, 0.80000000000000004, 2, 61
.01, 1.1361571788787843, 1, 50, 8.0, 10, 0.80000000000000004, 3, 80
.01, 1.25, 1, 50, 8.4444444444444446, 10, 0.84444444444444444, 1, 8
.01, 1.025, 1, 50, 8.4444444444444446, 10, 0.84444444444444444, 2, 4
.01, 1.1375, 1, 50, 8.4444444444444446, 10, 0.84444444444444444, 2, 8
.01, 1.19375, 1, 50, 8.4444444444444446, 10, 0.84444444444444444, 1, 14
.01, 1.165625, 1, 50, 8.4444444444444446, 10, 0.84444444444444444, 2, 22
.01, 1.1796875, 1, 50, 8.4444444444444446, 10, 0.84444444444444444, 1, 18
.01, 1.17265625, 1, 50, 8.4444444444444446, 10, 0.84444444444444444, 1, 23
.01, 1.1691406249999998, 1, 50, 8.4444444444444446, 10, 0.84444444444444444, 1, 28
.01, 1.1673828124999999, 1, 50, 8.4444444444444446, 10, 0.84444444444444444, 1, 35
.01, 1.16650390625, 1, 50, 8.4444444444444446, 10, 0.84444444444444444, 2, 28
.01, 1.1669433593749998, 1, 50, 8.4444444444444446, 10, 0.84444444444444444, 1, 44
.01, 1.1667236328125, 1, 50, 8.4444444444444446, 10, 0.84444444444444444, 2, 34
.01, 1.1668334960937499, 1, 50, 8.4444444444444446, 10, 0.84444444444444444, 2, 46
.01, 1.1668884277343747, 1, 50, 8.4444444444444446, 10, 0.84444444444444444, 1, 48
.01, 1.1668609619140624, 1, 50, 8.4444444444444446, 10, 0.84444444444444444, 1, 52
.01, 1.1668472290039062, 1, 50, 8.4444444444444446, 10, 0.84444444444444444, 1, 60
.01, 1.166840362548828, 1, 50, 8.4444444444444446, 10, 0.84444444444444444, 2, 51
.01, 1.166843795776367, 1, 50, 8.4444444444444446, 10, 0.84444444444444444, 3, 80
.01, 1.25, 1, 50, 8.8888888888888893, 10, 0.88888888888888895, 1, 10
.01, 1.025, 1, 50, 8.8888888888888893, 10, 0.88888888888888895, 2, 3
.01, 1.1375, 1, 50, 8.8888888888888893, 10, 0.88888888888888895, 2, 6
.01, 1.19375, 1, 50, 8.8888888888888893, 10, 0.88888888888888895, 2, 18
.01, 1.221875, 1, 50, 8.8888888888888893, 10, 0.88888888888888895, 1, 14
.01, 1.2078125000000002, 1, 50, 8.8888888888888893, 10, 0.88888888888888895, 1, 19
.01, 1.2007812500000001, 1, 50, 8.8888888888888893, 10, 0.88888888888888895, 1, 25
.01, 1.197265625, 1, 50, 8.8888888888888893, 10, 0.88888888888888895, 1, 37
.01, 1.1955078125, 1, 50, 8.8888888888888893, 10, 0.88888888888888895, 2, 22
.01, 1.19638671875, 1, 50, 8.8888888888888893, 10, 0.88888888888888895, 2, 27
.01, 1.196826171875, 1, 50, 8.8888888888888893, 10, 0.88888888888888895, 2, 37
.01, 1.1970458984375, 1, 50, 8.8888888888888893, 10, 0.88888888888888895, 1, 41
.01, 1.19693603515625, 1, 50, 8.8888888888888893, 10, 0.88888888888888895, 1, 47
.01, 1.1968811035156248, 1, 50, 8.8888888888888893, 10, 0.88888888888888895, 2, 47
.01, 1.1969085693359374, 1, 50, 8.8888888888888893, 10, 0.88888888888888895, 1, 52
.01, 1.196894836425781, 1, 50, 8.8888888888888893, 10, 0.88888888888888895, 1, 60
.01, 1.196887969970703, 1, 50, 8.8888888888888893, 10, 0.88888888888888895, 2, 53
.01, 1.1968914031982418, 1, 50, 8.8888888888888893, 10, 0.88888888888888895, 1, 69
.01, 1.1968896865844725, 1, 50, 8.8888888888888893, 10, 0.88888888888888895, 2, 58
.01, 1.1968905448913572, 1, 50, 8.8888888888888893, 10, 0.88888888888888895, 2, 66
.01, 1.1968909740447995, 1, 50, 8.8888888888888893, 10, 0.88888888888888895, 1, 74
.01, 1.1968907594680784, 1, 50, 8.8888888888888893, 10, 0.88888888888888895, 3, 80
.01, 1.25, 1, 50, 9.3333333333333339, 10, 0.93333333333333335, 1, 14
.01, 1.025, 1, 50, 9.3333333333333339, 10, 0.93333333333333335, 2, 3
.01, 1.1375, 1, 50, 9.3333333333333339, 10, 0.93333333333333335, 2, 5
.01, 1.19375, 1, 50, 9.3333333333333339, 10, 0.93333333333333335, 2, 8
.01, 1.221875, 1, 50, 9.3333333333333339, 10, 0.93333333333333335, 2, 17
.01, 1.2359375, 1, 50, 9.3333333333333339, 10, 0.93333333333333335, 1, 19
.01, 1.22890625, 1, 50, 9.3333333333333339, 10, 0.93333333333333335, 1, 27
.01, 1.2253906250000002, 1, 50, 9.3333333333333339, 10, 0.93333333333333335, 2, 24
.01, 1.2271484375000001, 1, 50, 9.3333333333333339, 10, 0.93333333333333335, 1, 33
.01, 1.2262695312500003, 1, 50, 9.3333333333333339, 10, 0.93333333333333335, 2, 37
.01, 1.226708984375, 1, 50, 9.3333333333333339, 10, 0.93333333333333335, 1, 37
.01, 1.2264892578125002, 1, 50, 9.3333333333333339, 10, 0.93333333333333335, 1, 41
.01, 1.2263793945312502, 1, 50, 9.3333333333333339, 10, 0.93333333333333335, 1, 48
.01, 1.2263244628906254, 1, 50, 9.3333333333333339, 10, 0.93333333333333335, 2, 45
.01, 1.2263519287109377, 1, 50, 9.3333333333333339, 10, 0.93333333333333335, 1, 54
.01, 1.2263381958007815, 1, 50, 9.3333333333333339, 10, 0.93333333333333335, 2, 59
.01, 1.2263450622558596, 1, 50, 9.3333333333333339, 10, 0.93333333333333335, 1, 58
.01, 1.2263416290283207, 1, 50, 9.3333333333333339, 10, 0.93333333333333335, 1, 62
.01, 1.226339912414551, 1, 50, 9.3333333333333339, 10, 0.93333333333333335, 1, 68
.01, 1.2263390541076662, 1, 50, 9.3333333333333339, 10, 0.93333333333333335, 2, 69
.01, 1.2263394832611088, 1, 50, 9.3333333333333339, 10, 0.93333333333333335, 1, 73
.01, 1.2263392686843875, 1, 50, 9.3333333333333339, 10, 0.93333333333333335, 1, 79
.01, 1.2263391613960268, 1, 50, 9.3333333333333339, 10, 0.93333333333333335, 3, 80
.01, 1.25, 1, 50, 9.7777777777777786, 10, 0.97777777777777786, 2, 16
.01, 1.475, 1, 50, 9.7777777777777786, 10, 0.97777777777777786, 1, 4
.01, 1.3625, 1, 50, 9.7777777777777786, 10, 0.97777777777777786, 1, 7
.01, 1.30625, 1, 50, 9.7777777777777786, 10, 0.97777777777777786, 1, 10
.01, 1.278125, 1, 50, 9.7777777777777786, 10, 0.97777777777777786, 1, 14
.01, 1.2640625, 1, 50, 9.7777777777777786, 10, 0.97777777777777786, 1, 20
.01, 1.25703125, 1, 50, 9.7777777777777786, 10, 0.97777777777777786, 1, 28
.01, 1.253515625, 1, 50, 9.7777777777777786, 10, 0.97777777777777786, 2, 21
.01, 1.2552734375, 1, 50, 9.7777777777777786, 10, 0.97777777777777786, 1, 47
.01, 1.25439453125, 1, 50, 9.7777777777777786, 10, 0.97777777777777786, 2, 25
.01, 1.254833984375, 1, 50, 9.7777777777777786, 10, 0.97777777777777786, 2, 29
.01, 1.2550537109375002, 1, 50, 9.7777777777777786, 10, 0.97777777777777786, 2, 33
.01, 1.2551635742187501, 1, 50, 9.7777777777777786, 10, 0.97777777777777786, 2, 38
.01, 1.255218505859375, 1, 50, 9.7777777777777786, 10, 0.97777777777777786, 2, 49
.01, 1.2552459716796875, 1, 50, 9.7777777777777786, 10, 0.97777777777777786, 1, 51
.01, 1.2552322387695312, 1, 50, 9.7777777777777786, 10, 0.97777777777777786, 1, 57
.01, 1.255225372314453, 1, 50, 9.7777777777777786, 10, 0.97777777777777786, 2, 63
.01, 1.255228805541992, 1, 50, 9.7777777777777786, 10, 0.97777777777777786, 1, 61
.01, 1.2552270889282227, 1, 50, 9.7777777777777786, 10, 0.97777777777777786, 1, 66
.01, 1.255226230621338, 1, 50, 9.7777777777777786, 10, 0.97777777777777786, 1, 72
.01, 1.2552258014678954, 1, 50, 9.7777777777777786, 10, 0.97777777777777786, 2, 73
.01, 1.2552260160446167, 1, 50, 9.7777777777777786, 10, 0.97777777777777786, 1, 76
.01, 1.255225908756256, 1, 50, 9.7777777777777786, 10, 0.97777777777777786, 3, 80
.01, 1.25, 1, 50, 10.222222222222221, 10, 1.0222222222222221, 2, 8
.01, 1.475, 1, 50, 10.222222222222221, 10, 1.0222222222222221, 1, 5
.01, 1.3625, 1, 50, 10.222222222222221, 10, 1.0222222222222221, 1, 8
.01, 1.30625, 1, 50, 10.222222222222221, 10, 1.0222222222222221, 1, 14
.01, 1.278125, 1, 50, 10.222222222222221, 10, 1.0222222222222221, 2, 16
.01, 1.2921874999999998, 1, 50, 10.222222222222221, 10, 1.0222222222222221, 1, 19
.01, 1.28515625, 1, 50, 10.222222222222221, 10, 1.0222222222222221, 1, 29
.01, 1.281640625, 1, 50, 10.222222222222221, 10, 1.0222222222222221, 2, 21
.01, 1.2833984375, 1, 50, 10.222222222222221, 10, 1.0222222222222221, 2, 33
.01, 1.28427734375, 1, 50, 10.222222222222221, 10, 1.0222222222222221, 1, 33
.01, 1.283837890625, 1, 50, 10.222222222222221, 10, 1.0222222222222221, 1, 38
.01, 1.2836181640625002, 1, 50, 10.222222222222221, 10, 1.0222222222222221, 1, 49
.01, 1.28350830078125, 1, 50, 10.222222222222221, 10, 1.0222222222222221, 2, 37
.01, 1.283563232421875, 1, 50, 10.222222222222221, 10, 1.0222222222222221, 2, 44
.01, 1.2835906982421876, 1, 50, 10.222222222222221, 10, 1.0222222222222221, 1, 57
.01, 1.2835769653320312, 1, 50, 10.222222222222221, 10, 1.0222222222222221, 2, 50
.01, 1.2835838317871096, 1, 50, 10.222222222222221, 10, 1.0222222222222221, 2, 69
.01, 1.2835872650146487, 1, 50, 10.222222222222221, 10, 1.0222222222222221, 1, 61
.01, 1.2835855484008791, 1, 50, 10.222222222222221, 10, 1.0222222222222221, 1, 65
.01, 1.2835846900939942, 1, 50, 10.222222222222221, 10, 1.0222222222222221, 1, 69
.01, 1.283584260940552, 1, 50, 10.222222222222221, 10, 1.0222222222222221, 1, 74
.01, 1.2835840463638308, 1, 50, 10.222222222222221, 10, 1.0222222222222221, 3, 80
.01, 1.25, 1, 50, 10.666666666666666, 10, 1.0666666666666667, 2, 6
.01, 1.475, 1, 50, 10.666666666666666, 10, 1.0666666666666667, 1, 5
.01, 1.3625, 1, 50, 10.666666666666666, 10, 1.0666666666666667, 1, 10
.01, 1.30625, 1, 50, 10.666666666666666, 10, 1.0666666666666667, 2, 16
.01, 1.334375, 1, 50, 10.666666666666666, 10, 1.0666666666666667, 1, 14
.01, 1.3203125, 1, 50, 10.666666666666666, 10, 1.0666666666666667, 1, 19
.01, 1.31328125, 1, 50, 10.666666666666666, 10, 1.0666666666666667, 1, 28
.01, 1.3097656249999998, 1, 50, 10.666666666666666, 10, 1.0666666666666667, 2, 22
.01, 1.3115234375, 1, 50, 10.666666666666666, 10, 1.0666666666666667, 1, 44
.01, 1.31064453125, 1, 50, 10.666666666666666, 10, 1.0666666666666667, 2, 26
.01, 1.311083984375, 1, 50, 10.666666666666666, 10, 1.0666666666666667, 2, 30
.01, 1.3113037109375, 1, 50, 10.666666666666666, 10, 1.0666666666666667, 2, 35
.01, 1.31141357421875, 1, 50, 10.666666666666666, 10, 1.0666666666666667, 2, 42
.01, 1.311468505859375, 1, 50, 10.666666666666666, 10, 1.0666666666666667, 1, 50
.01, 1.3114410400390626, 1, 50, 10.666666666666666, 10, 1.0666666666666667, 2, 55
.01, 1.3114547729492188, 1, 50, 10.666666666666666, 10, 1.0666666666666667, 1, 54
.01, 1.3114479064941407, 1, 50, 10.666666666666666, 10, 1.0666666666666667, 1, 59
.01, 1.3114444732666017, 1, 50, 10.666666666666666, 10, 1.0666666666666667, 1, 67
.01, 1.3114427566528322, 1, 50, 10.666666666666666, 10, 1.0666666666666667, 2, 62
.01, 1.311443614959717, 1, 50, 10.666666666666666, 10, 1.0666666666666667, 1, 78
.01, 1.3114431858062745, 1, 50, 10.666666666666666, 10, 1.0666666666666667, 2, 66
.01, 1.3114434003829958, 1, 50, 10.666666666666666, 10, 1.0666666666666667, 2, 72
.01, 1.3114435076713564, 1, 50, 10.666666666666666, 10, 1.0666666666666667, 3, 80
.01, 1.25, 1, 50, 11.111111111111111, 10, 1.1111111111111112, 2, 5
.01, 1.475, 1, 50, 11.111111111111111, 10, 1.1111111111111112, 1, 5
.01, 1.3625, 1, 50, 11.111111111111111, 10, 1.1111111111111112, 1, 13
.01, 1.30625, 1, 50, 11.111111111111111, 10, 1.1111111111111112, 2, 9
.01, 1.334375, 1, 50, 11.111111111111111, 10, 1.1111111111111112, 2, 17
.01, 1.3484375000000002, 1, 50, 11.111111111111111, 10, 1.1111111111111112, 1, 18
.01, 1.3414062500000001, 1, 50, 11.111111111111111, 10, 1.1111111111111112, 1, 25
.01, 1.337890625, 1, 50, 11.111111111111111, 10, 1.1111111111111112, 2, 25
.01, 1.3396484375000002, 1, 50, 11.111111111111111, 10, 1.1111111111111112, 1, 32
.01, 1.33876953125, 1, 50, 11.111111111111111, 10, 1.1111111111111112, 2, 39
.01, 1.3392089843750001, 1, 50, 11.111111111111111, 10, 1.1111111111111112, 1, 36
.01, 1.3389892578125, 1, 50, 11.111111111111111, 10, 1.1111111111111112, 1, 40
.01, 1.33887939453125, 1, 50, 11.111111111111111, 10, 1.1111111111111112, 1, 47
.01, 1.3388244628906252, 1, 50, 11.111111111111111, 10, 1.1111111111111112, 2, 50
.01, 1.3388519287109375, 1, 50, 11.111111111111111, 10, 1.1111111111111112, 1, 51
.01, 1.3388381958007813, 1, 50, 11.111111111111111, 10, 1.1111111111111112, 1, 57
.01, 1.3388313293457033, 1, 50, 11.111111111111111, 10, 1.1111111111111112, 2, 68
.01, 1.3388347625732422, 1, 50, 11.111111111111111, 10, 1.1111111111111112, 1, 61
.01, 1.3388330459594728, 1, 50, 11.111111111111111, 10, 1.1111111111111112, 1, 65
.01, 1.3388321876525882, 1, 50, 11.111111111111111, 10, 1.1111111111111112, 1, 70
.01, 1.3388317584991456, 1, 50, 11.111111111111111, 10, 1.1111111111111112, 1, 76
.01, 1.3388315439224243, 1, 50, 11.111111111111111, 10, 1.1111111111111112, 2, 77
.01, 1.338831651210785, 1, 50, 11.111111111111111, 10, 1.1111111111111112, 3, 80
.01, 1.25, 1, 50, 11.555555555555555, 10, 1.1555555555555554, 2, 5
.01, 1.475, 1, 50, 11.555555555555555, 10, 1.1555555555555554, 1, 6
.01, 1.3625, 1, 50, 11.555555555555555, 10, 1.1555555555555554, 2, 19
.01, 1.4187500000000002, 1, 50, 11.555555555555555, 10, 1.1555555555555554, 1, 9
.01, 1.390625, 1, 50, 11.555555555555555, 10, 1.1555555555555554, 1, 13
.01, 1.3765625, 1, 50, 11.555555555555555, 10, 1.1555555555555554, 1, 17
.01, 1.36953125, 1, 50, 11.555555555555555, 10, 1.1555555555555554, 1, 23
.01, 1.3660156250000002, 1, 50, 11.555555555555555, 10, 1.1555555555555554, 1, 38
.01, 1.3642578125, 1, 50, 11.555555555555555, 10, 1.1555555555555554, 2, 23
.01, 1.36513671875, 1, 50, 11.555555555555555, 10, 1.1555555555555554, 2, 27
.01, 1.3655761718750001, 1, 50, 11.555555555555555, 10, 1.1555555555555554, 2, 33
.01, 1.3657958984375003, 1, 50, 11.555555555555555, 10, 1.1555555555555554, 1, 50
.01, 1.36568603515625, 1, 50, 11.555555555555555, 10, 1.1555555555555554, 2, 38
.01, 1.3657409667968752, 1, 50, 11.555555555555555, 10, 1.1555555555555554, 2, 43
.01, 1.3657684326171877, 1, 50, 11.555555555555555, 10, 1.1555555555555554, 2, 53
.01, 1.365782165527344, 1, 50, 11.555555555555555, 10, 1.1555555555555554, 1, 55
.01, 1.3657752990722658, 1, 50, 11.555555555555555, 10, 1.1555555555555554, 1, 63
.01, 1.3657718658447267, 1, 50, 11.555555555555555, 10, 1.1555555555555554, 2, 61
.01, 1.3657735824584962, 1, 50, 11.555555555555555, 10, 1.1555555555555554, 1, 70
.01, 1.3657727241516113, 1, 50, 11.555555555555555, 10, 1.1555555555555554, 2, 69
.01, 1.3657731533050539, 1, 50, 11.555555555555555, 10, 1.1555555555555554, 1, 76
.01, 1.3657729387283326, 1, 50, 11.555555555555555, 10, 1.1555555555555554, 3, 80
.01, 1.25, 1, 50, 12.0, 10, 1.2, 2, 4
.01, 1.475, 1, 50, 12.0, 10, 1.2, 1, 7
.01, 1.3625, 1, 50, 12.0, 10, 1.2, 2, 9
.01, 1.4187500000000002, 1, 50, 12.0, 10, 1.2, 1, 12
.01, 1.390625, 1, 50, 12.0, 10, 1.2, 2, 22
.01, 1.4046875, 1, 50, 12.0, 10, 1.2, 1, 16
.01, 1.39765625, 1, 50, 12.0, 10, 1.2, 1, 21
.01, 1.394140625, 1, 50, 12.0, 10, 1.2, 1, 27
.01, 1.3923828125, 1, 50, 12.0, 10, 1.2, 1, 43
.01, 1.39150390625, 1, 50, 12.0, 10, 1.2, 2, 26
.01, 1.391943359375, 1, 50, 12.0, 10, 1.2, 2, 31
.01, 1.3921630859374998, 1, 50, 12.0, 10, 1.2, 2, 36
.01, 1.39227294921875, 1, 50, 12.0, 10, 1.2, 2, 47
.01, 1.392327880859375, 1, 50, 12.0, 10, 1.2, 1, 48
.01, 1.3923004150390625, 1, 50, 12.0, 10, 1.2, 1, 55
.01, 1.3922866821289062, 1, 50, 12.0, 10, 1.2, 2, 55
.01, 1.3922935485839845, 1, 50, 12.0, 10, 1.2, 1, 61
.01, 1.3922901153564453, 1, 50, 12.0, 10, 1.2, 2, 77
.01, 1.3922918319702149, 1, 50, 12.0, 10, 1.2, 1, 64
.01, 1.39229097366333, 1, 50, 12.0, 10, 1.2, 1, 68
.01, 1.3922905445098877, 1, 50, 12.0, 10, 1.2, 1, 72
.01, 1.3922903299331666, 1, 50, 12.0, 10, 1.2, 1, 77
.01, 1.392290222644806, 1, 50, 12.0, 10, 1.2, 3, 80
